[[1, 0, 0, 0, 0, 0, 1, 0, 0], 0.058222222222222245]	290.1552300453186
[[1, 0, 0, 0, 1, 0, 0, 0, 0], 0.047936507936507944]	613.9772200584412
[[1, 0, 0, 0, 1, 0, 0, 0, 0], 0.047936507936507944]	609.9180872440338
[[1, 0, 0, 0, 1, 0, 0, 0, 0], 0.047936507936507944]	512.4488039016724
[[1, 0, 0, 0, 1, 0, 0, 0, 0], 0.047936507936507944]	509.7367856502533
[[1, 0, 0, 0, 1, 0, 0, 0, 0], 0.047936507936507944]	507.76023745536804
[[1, 0, 0, 0, 1, 0, 0, 0, 0], 0.047936507936507944]	507.6685574054718
[[1, 0, 0, 0, 1, 0, 0, 0, 0], 0.047936507936507944]	505.93325781822205
[[1, 0, 0, 0, 1, 0, 0, 0, 0], 0.047936507936507944]	507.3675756454468
[[1, 0, 0, 0, 1, 0, 0, 0, 0], 0.047936507936507944]	505.5092113018036
[[1, 0, 0, 0, 1, 0, 0, 0, 0], 0.047936507936507944]	504.37150025367737
[[1, 0, 0, 0, 1, 0, 0, 0, 0], 0.047936507936507944]	509.3248734474182
[[1, 0, 0, 0, 1, 0, 0, 0, 0], 0.047936507936507944]	507.4567048549652
[[1, 0, 0, 0, 1, 0, 0, 0, 0], 0.047936507936507944]	506.87333250045776
[[1, 0, 0, 0, 1, 0, 0, 0, 0], 0.047936507936507944]	504.6552402973175
[[1, 0, 0, 0, 1, 0, 0, 0, 0], 0.047936507936507944]	505.53389501571655
[[1, 0, 0, 0, 1, 0, 0, 0, 0], 0.047936507936507944]	506.11961674690247
[[1, 0, 0, 0, 1, 0, 0, 0, 0], 0.047936507936507944]	512.1151514053345
[[1, 0, 0, 0, 1, 0, 0, 0, 0], 0.047936507936507944]	511.821741104126
[[1, 0, 0, 0, 1, 0, 0, 0, 0], 0.047936507936507944]	505.51042342185974
[[1, 0, 0, 0, 1, 0, 0, 0, 0], 0.047936507936507944]	508.0295135974884
