[[0, 1, 1, 1, 1, 1, 1, 1, 0], 0.06933333333333336]	106.76750946044922
[[0, 0, 1, 0, 1, 0, 1, 0, 1], 0.058222222222222245]	169.24313592910767
[[1, 1, 1, 1, 0, 0, 1, 1, 0], 0.06419047619047616]	101.37111687660217
[[0, 0, 1, 0, 1, 0, 1, 1, 1], 0.07015873015873016]	55.29576873779297
[[1, 1, 1, 0, 1, 1, 1, 1, 1], 0.05904761904761905]	74.91661357879639
[[1, 1, 1, 1, 0, 1, 1, 1, 1], 0.06501587301587305]	72.93149447441101
[[0, 0, 0, 0, 1, 1, 0, 1, 1], 0.06501587301587305]	105.94896364212036
[[1, 1, 0, 1, 1, 0, 0, 1, 1], 0.06933333333333336]	58.238951444625854
[[1, 1, 0, 1, 1, 0, 1, 1, 0], 0.058222222222222245]	80.7412314414978
[[1, 0, 1, 1, 0, 0, 1, 0, 1], 0.053079365079365046]	90.36336898803711
[[1, 1, 1, 1, 0, 1, 0, 1, 1], 0.05904761904761905]	122.97873449325562
[[1, 0, 1, 0, 1, 1, 1, 1, 1], 0.058222222222222245]	95.22198796272278
[[0, 0, 1, 1, 1, 0, 1, 1, 0], 0.047936507936507944]	78.01548528671265
[[1, 1, 1, 1, 0, 1, 1, 1, 1], 0.05904761904761905]	132.24902963638306
[[0, 0, 1, 0, 0, 1, 0, 0, 0], 0.053079365079365046]	66.64712929725647
[[1, 1, 0, 0, 1, 0, 1, 1, 0], 0.05390476190476194]	304.9570701122284
[[1, 0, 1, 1, 1, 0, 1, 1, 1], 0.07015873015873016]	52.59998154640198
[[0, 1, 0, 0, 0, 0, 0, 0, 0], 0.05739682539682535]	83.62709522247314
[[1, 0, 0, 1, 1, 0, 1, 1, 0], 0.07015873015873016]	80.17555928230286
[[1, 0, 1, 0, 0, 1, 1, 0, 1], 0.05390476190476194]	245.38215112686157
[[0, 1, 0, 0, 0, 0, 0, 0, 1], 0.058222222222222245]	115.7019555568695
[[0, 0, 0, 0, 0, 1, 1, 0, 0], 0.053079365079365046]	113.12035655975342
[[0, 1, 1, 0, 0, 0, 0, 0, 0], 0.047936507936507944]	237.29835152626038
[[1, 0, 0, 0, 1, 0, 0, 0, 1], 0.05904761904761905]	202.99620604515076
[[1, 0, 0, 0, 1, 0, 0, 0, 0], 0.047936507936507944]	321.0820255279541
[[0, 1, 1, 0, 0, 0, 0, 0, 0], 0.047936507936507944]	258.21917819976807
[[0, 1, 0, 1, 0, 1, 0, 0, 0], 0.05390476190476194]	146.88357877731323
[[0, 1, 0, 0, 0, 1, 0, 1, 0], 0.05390476190476194]	179.9709837436676
[[0, 0, 1, 0, 0, 0, 1, 0, 0], 0.047936507936507944]	141.698260307312
[[0, 1, 0, 0, 0, 1, 1, 0, 0], 0.05390476190476194]	107.70951652526855
[[1, 0, 0, 0, 1, 0, 1, 0, 1], 0.06501587301587305]	156.9749140739441
[[1, 0, 1, 0, 0, 0, 0, 0, 0], 0.047936507936507944]	209.85172128677368
[[0, 0, 1, 0, 0, 1, 1, 0, 0], 0.047936507936507944]	142.8618199825287
[[1, 0, 1, 0, 0, 0, 0, 0, 0], 0.047936507936507944]	282.59107184410095
[[0, 1, 1, 0, 0, 0, 0, 0, 0], 0.047936507936507944]	345.68467235565186
[[0, 1, 0, 0, 1, 0, 1, 0, 0], 0.053079365079365046]	89.77877950668335
[[1, 0, 0, 0, 1, 1, 0, 1, 1], 0.05904761904761905]	222.35426139831543
[[1, 0, 1, 0, 0, 0, 1, 0, 0], 0.047936507936507944]	179.7456612586975
[[0, 0, 1, 0, 0, 0, 0, 0, 0], 0.047936507936507944]	227.13730835914612
[[0, 0, 0, 0, 0, 1, 1, 0, 0], 0.058222222222222245]	140.677086353302
