[[0, 1, 1, 1, 0, 0, 1, 0, 1], 0.3222222222222222]	471.7959234714508
[[0, 0, 0, 1, 1, 0, 0, 0, 1], 0.3277777777777778]	410.46704936027527
[[0, 1, 0, 1, 1, 0, 1, 0, 1], 0.3222222222222222]	527.6690714359283
[[1, 0, 1, 0, 0, 0, 1, 1, 1], 0.3222222222222222]	528.441458940506
[[0, 1, 0, 1, 1, 0, 1, 0, 1], 0.3222222222222222]	417.7852141857147
[[0, 1, 0, 1, 1, 0, 1, 0, 1], 0.3222222222222222]	453.0804100036621
[[0, 1, 0, 1, 1, 0, 1, 0, 1], 0.3222222222222222]	502.37259125709534
[[1, 1, 0, 1, 1, 0, 0, 0, 1], 0.3222222222222222]	460.08420586586
[[0, 1, 0, 1, 1, 0, 1, 0, 1], 0.3222222222222222]	455.91433477401733
[[0, 1, 0, 1, 1, 0, 1, 0, 1], 0.3222222222222222]	421.293696641922
[[1, 1, 1, 1, 0, 0, 1, 0, 0], 0.33888888888888885]	361.52608156204224
[[0, 0, 0, 1, 1, 0, 0, 0, 1], 0.3277777777777778]	342.45351243019104
[[0, 1, 0, 1, 1, 0, 1, 0, 1], 0.3222222222222222]	494.8055591583252
[[0, 1, 1, 1, 1, 0, 1, 0, 0], 0.3222222222222222]	463.5690288543701
[[0, 1, 1, 1, 0, 0, 1, 0, 1], 0.3222222222222222]	425.0652813911438
[[0, 1, 0, 1, 1, 0, 1, 0, 1], 0.3222222222222222]	456.372909784317
[[1, 0, 1, 0, 1, 0, 1, 0, 0], 0.3277777777777778]	395.8726546764374
[[1, 0, 0, 1, 1, 0, 1, 1, 0], 0.3222222222222222]	355.14356756210327
[[0, 1, 0, 1, 1, 0, 1, 0, 1], 0.3222222222222222]	588.1674971580505
[[1, 0, 1, 0, 0, 0, 1, 1, 1], 0.3222222222222222]	533.9413876533508
