[[0, 1, 0, 0, 0, 0, 0, 1], 3.446756976958448]	309.77221179008484
[[1, 0, 0, 0, 0, 0, 1, 0], 4.689609794349506]	236.69569396972656
[[1, 0, 0, 0, 0, 0, 1, 0], 4.673984794349506]	218.80840873718262
[[0, 0, 1, 0, 0, 1, 0, 0], 3.529541821223638]	338.23134541511536
[[1, 0, 0, 0, 0, 0, 0, 0], 7.555832696560597]	253.32743954658508
[[1, 0, 0, 0, 0, 0, 0, 0], 7.571457696560597]	242.35892462730408
[[0, 0, 1, 0, 0, 0, 1, 0], 4.340435540162042]	236.63861513137817
[[0, 0, 0, 0, 0, 0, 0, 1], 6.174523553544259]	251.0164806842804
[[1, 1, 0, 0, 0, 0, 1, 0], 3.0200986655363233]	218.7208981513977
[[0, 0, 1, 0, 0, 0, 0, 0], 6.749394159721818]	280.65154695510864
[[0, 1, 0, 0, 0, 0, 0, 0], 6.12354069125995]	309.3813395500183
[[0, 0, 0, 0, 0, 1, 0, 0], 6.107161755485073]	298.58363914489746
[[0, 0, 0, 0, 0, 0, 1, 0], 9.939326786873755]	286.36492466926575
[[0, 0, 0, 0, 0, 0, 0, 1], 6.184940220210926]	262.81142687797546
[[0, 0, 0, 0, 1, 0, 1, 0], 3.998204927081601]	196.39981341362
[[1, 0, 0, 0, 0, 0, 1, 1], 3.0293474015426516]	293.36958146095276
[[0, 1, 0, 1, 0, 1, 0, 0], 2.4662047526868216]	284.42317485809326
[[0, 0, 0, 0, 0, 1, 0, 1], 3.4570517403495784]	260.0833079814911
[[0, 0, 0, 0, 0, 0, 0, 1], 6.184940220210926]	309.0207314491272
[[0, 0, 1, 0, 1, 0, 0, 0], 3.451999206668715]	233.41947269439697
