[[0, 0, 1, 1, 1, 1, 0, 1, 1], 0.30000000000000004]	128.69454097747803
[[0, 1, 0, 1, 1, 0, 1, 1, 1], 0.2833333333333333]	166.78519582748413
[[1, 1, 0, 1, 1, 0, 0, 1, 0], 0.35555555555555557]	112.02602338790894
[[1, 0, 0, 1, 0, 0, 0, 0, 1], 0.2833333333333333]	137.71848034858704
[[1, 0, 1, 0, 0, 0, 1, 0, 0], 0.31666666666666665]	86.70170021057129
[[0, 0, 0, 1, 0, 0, 1, 0, 1], 0.3]	124.05270195007324
[[1, 1, 0, 1, 1, 0, 0, 1, 1], 0.31666666666666665]	194.21289110183716
[[1, 0, 1, 1, 0, 0, 1, 0, 1], 0.2722222222222222]	68.82995390892029
[[1, 1, 0, 1, 0, 0, 0, 0, 1], 0.3111111111111111]	135.35067653656006
[[0, 0, 1, 1, 0, 1, 0, 1, 0], 0.3111111111111111]	84.10413360595703
[[0, 0, 1, 1, 0, 1, 1, 0, 0], 0.3277777777777778]	98.7849235534668
[[1, 0, 1, 1, 0, 1, 0, 0, 1], 0.3055555555555555]	69.62524724006653
[[0, 1, 0, 1, 1, 0, 1, 0, 1], 0.2388888888888889]	165.76882362365723
[[0, 0, 1, 0, 0, 0, 1, 0, 1], 0.3]	102.67094373703003
[[1, 1, 1, 0, 1, 1, 0, 1, 1], 0.3277777777777778]	57.45887303352356
[[0, 1, 0, 1, 1, 0, 1, 1, 1], 0.2666666666666666]	120.77613830566406
[[1, 0, 1, 1, 1, 0, 0, 0, 0], 0.3277777777777778]	63.14342904090881
[[1, 0, 0, 1, 0, 1, 1, 1, 0], 0.3222222222222222]	213.43157124519348
[[1, 0, 0, 1, 1, 0, 1, 1, 1], 0.2833333333333333]	165.7816789150238
[[1, 1, 1, 1, 0, 1, 1, 0, 1], 0.3277777777777778]	119.42211604118347
