[[1, 1, 0, 1, 1, 0, 1, 0, 0], 0.2722222222222222]	199.84912729263306
[[1, 1, 0, 1, 1, 0, 1, 0, 0], 0.2722222222222222]	203.23560523986816
[[1, 1, 0, 1, 1, 0, 1, 0, 0], 0.2722222222222222]	218.32848858833313
[[0, 0, 1, 0, 0, 1, 1, 0, 0], 0.2833333333333333]	278.323450088501
[[1, 1, 0, 1, 1, 0, 1, 0, 0], 0.2722222222222222]	206.47811770439148
[[0, 0, 1, 0, 0, 1, 1, 0, 0], 0.2833333333333333]	251.7315285205841
[[1, 1, 0, 1, 1, 0, 1, 0, 0], 0.2722222222222222]	181.77196979522705
[[1, 1, 0, 1, 1, 0, 1, 0, 0], 0.2722222222222222]	182.611168384552
[[0, 0, 1, 0, 0, 1, 1, 0, 0], 0.2833333333333333]	237.88595461845398
[[1, 1, 0, 1, 1, 0, 1, 0, 0], 0.2722222222222222]	180.2913258075714
[[0, 0, 1, 0, 0, 1, 1, 0, 0], 0.2833333333333333]	237.2834451198578
[[1, 1, 0, 1, 1, 0, 1, 0, 0], 0.2722222222222222]	180.02322053909302
[[1, 1, 0, 1, 1, 0, 1, 0, 0], 0.2722222222222222]	179.697124004364
[[1, 1, 0, 1, 1, 0, 1, 0, 0], 0.2722222222222222]	180.3923888206482
[[1, 1, 0, 1, 1, 0, 1, 0, 0], 0.2722222222222222]	181.21774649620056
[[0, 0, 1, 0, 0, 1, 1, 0, 0], 0.2833333333333333]	238.3543975353241
[[0, 0, 1, 0, 0, 1, 1, 0, 0], 0.2833333333333333]	240.9511158466339
[[1, 1, 0, 1, 1, 0, 1, 0, 0], 0.2722222222222222]	181.2361695766449
[[1, 1, 0, 1, 1, 0, 1, 0, 0], 0.2722222222222222]	179.89131832122803
[[0, 0, 1, 0, 0, 1, 1, 0, 0], 0.2833333333333333]	238.87095022201538
