[[1, 0, 0, 0, 0, 0, 1, 0, 0], 0.047936507936507944]	446.5912992954254
[[0, 0, 1, 0, 0, 1, 0, 0, 0], 0.042793650793650835]	386.87029480934143
[[0, 1, 0, 0, 0, 1, 0, 0, 0], 0.042793650793650835]	297.4670958518982
[[0, 0, 0, 0, 0, 1, 0, 1, 0], 0.053079365079365046]	257.7907221317291
[[1, 0, 0, 0, 1, 0, 0, 0, 1], 0.05904761904761905]	676.6454501152039
[[1, 0, 0, 0, 0, 0, 1, 0, 0], 0.047936507936507944]	640.2067239284515
[[0, 1, 0, 0, 0, 1, 0, 0, 0], 0.042793650793650835]	325.900915145874
[[0, 1, 0, 0, 0, 1, 0, 0, 0], 0.042793650793650835]	267.44029545783997
[[0, 1, 0, 0, 0, 1, 0, 0, 0], 0.042793650793650835]	479.9496331214905
[[0, 0, 1, 0, 0, 1, 0, 0, 0], 0.042793650793650835]	332.3588020801544
[[0, 0, 1, 0, 0, 1, 0, 0, 0], 0.042793650793650835]	407.2868583202362
[[0, 1, 0, 0, 0, 1, 0, 0, 0], 0.042793650793650835]	374.69522881507874
[[0, 1, 0, 0, 0, 0, 0, 0, 0], 0.047936507936507944]	276.3727743625641
[[1, 0, 0, 0, 0, 0, 1, 0, 0], 0.047936507936507944]	662.3683965206146
[[1, 0, 0, 0, 0, 0, 1, 0, 1], 0.05390476190476194]	459.13917899131775
[[1, 0, 0, 0, 0, 0, 1, 0, 0], 0.047936507936507944]	836.6450452804565
[[0, 1, 0, 0, 0, 0, 1, 0, 0], 0.053079365079365046]	326.4691381454468
[[1, 0, 0, 0, 1, 0, 0, 0, 0], 0.047936507936507944]	641.7527422904968
[[0, 1, 1, 0, 0, 0, 0, 0, 0], 0.042793650793650835]	395.31501817703247
[[0, 1, 1, 0, 0, 0, 0, 0, 0], 0.047936507936507944]	597.1895370483398
