[[0, 0, 1, 1, 1, 1, 0, 1, 1], 1.5985502102123816]	182.76566004753113
[[0, 1, 0, 0, 1, 0, 0, 0, 1], 2.5131220950462474]	141.95632672309875
[[0, 1, 0, 1, 1, 1, 0, 1, 1], 1.5856537960396073]	177.53895831108093
[[0, 0, 0, 1, 1, 0, 0, 0, 1], 2.5404361104099724]	235.33236932754517
[[0, 1, 0, 0, 1, 0, 0, 0, 1], 2.5131220950462474]	128.17347049713135
[[0, 1, 0, 0, 1, 0, 0, 0, 1], 2.5131220950462474]	142.09780764579773
[[0, 0, 1, 0, 1, 1, 0, 1, 1], 1.7564279940437073]	210.25187730789185
[[0, 0, 0, 1, 1, 1, 0, 1, 1], 1.794082861418194]	125.94050717353821
[[0, 1, 0, 0, 1, 0, 0, 0, 1], 2.5131220950462474]	134.19276785850525
[[0, 0, 1, 1, 1, 1, 0, 1, 1], 1.6170687287309]	128.56182217597961
[[0, 0, 0, 1, 1, 0, 0, 0, 1], 2.5589546289284906]	241.02184343338013
[[0, 0, 0, 1, 1, 1, 0, 1, 1], 1.794082861418194]	119.16521573066711
[[0, 0, 0, 1, 1, 1, 0, 1, 1], 1.8126013799367127]	170.63770604133606
[[0, 1, 0, 1, 1, 1, 0, 1, 1], 1.641209351595163]	164.18022799491882
[[0, 0, 0, 1, 1, 1, 0, 1, 1], 1.7385273058626387]	201.74593782424927
[[0, 0, 0, 1, 1, 0, 0, 0, 1], 2.521917591891454]	199.55531311035156
[[0, 1, 0, 0, 1, 0, 0, 0, 1], 2.494603576527729]	109.68214011192322
[[0, 0, 0, 1, 1, 1, 0, 0, 1], 2.071529070326066]	132.08349871635437
[[0, 0, 0, 1, 1, 1, 0, 1, 1], 1.794082861418194]	106.99909043312073
[[0, 0, 0, 1, 1, 1, 0, 1, 1], 1.7570458243811573]	122.41713070869446
