[[0, 1, 0, 0, 0, 1, 0, 0], 0.24062500000000003]	485.91971826553345
[[0, 1, 0, 0, 0, 1, 0, 1], 0.25312500000000004]	310.07836294174194
[[1, 1, 0, 0, 0, 0, 0, 0], 0.22656250000000003]	364.5734055042267
[[0, 1, 0, 0, 0, 1, 0, 0], 0.24531249999999996]	344.8330945968628
[[1, 1, 0, 0, 0, 0, 1, 0], 0.24374999999999997]	266.1856575012207
[[0, 1, 0, 0, 0, 1, 0, 0], 0.24062500000000003]	455.3904356956482
[[0, 1, 0, 0, 0, 0, 1, 1], 0.25312500000000004]	523.9615211486816
[[0, 1, 0, 0, 0, 1, 0, 0], 0.24531249999999996]	271.7386574745178
[[1, 1, 0, 0, 1, 0, 0, 0], 0.25312500000000004]	231.9581389427185
[[0, 1, 0, 0, 0, 1, 0, 0], 0.24062500000000003]	282.33919763565063
[[0, 1, 0, 0, 0, 1, 0, 0], 0.24062500000000003]	396.32467436790466
[[0, 1, 0, 0, 0, 1, 0, 0], 0.24062500000000003]	408.7387704849243
[[0, 1, 0, 0, 0, 1, 0, 0], 0.24062500000000003]	538.6865842342377
[[0, 1, 0, 1, 0, 1, 0, 0], 0.25781249999999994]	186.92651391029358
[[1, 0, 0, 0, 0, 0, 1, 0], 0.25]	187.60841727256775
[[0, 1, 0, 0, 0, 1, 0, 0], 0.24531249999999996]	405.33461356163025
[[0, 1, 0, 0, 0, 1, 0, 0], 0.24062500000000003]	677.6077132225037
[[1, 1, 0, 0, 0, 0, 0, 0], 0.24531249999999996]	400.07107162475586
[[0, 1, 0, 0, 0, 1, 0, 0], 0.24062500000000003]	278.428026676178
[[0, 1, 0, 0, 0, 1, 0, 0], 0.24531249999999996]	432.00565242767334
