[[0, 1, 0, 1, 0, 0, 1, 0, 1], 0.22777777777777777]	980.9903528690338
[[1, 1, 0, 1, 1, 0, 1, 0, 0], 0.22222222222222227]	1354.1792302131653
[[0, 1, 0, 1, 0, 0, 1, 0, 1], 0.2444444444444444]	649.6132814884186
[[0, 1, 0, 1, 0, 0, 1, 0, 1], 0.2444444444444444]	700.6063661575317
[[0, 1, 0, 1, 0, 0, 1, 0, 1], 0.2444444444444444]	734.7251045703888
[[0, 1, 0, 1, 0, 0, 1, 0, 1], 0.2444444444444444]	696.2123847007751
[[0, 1, 0, 1, 0, 0, 1, 0, 1], 0.2444444444444444]	743.1175403594971
[[0, 1, 0, 1, 0, 0, 1, 0, 1], 0.2444444444444444]	694.734589099884
[[0, 0, 1, 1, 0, 0, 0, 0, 1], 0.2333333333333333]	232.11552596092224
[[0, 0, 1, 1, 0, 0, 1, 1, 1], 0.22222222222222227]	96.04105734825134
[[0, 0, 0, 1, 1, 0, 1, 0, 1], 0.22777777777777777]	412.34757709503174
[[0, 0, 1, 1, 0, 1, 1, 0, 1], 0.2388888888888889]	147.01921701431274
[[1, 0, 0, 1, 1, 0, 0, 1, 1], 0.25555555555555554]	448.24354004859924
[[0, 0, 1, 1, 0, 1, 1, 0, 1], 0.22222222222222227]	182.53192710876465
[[0, 1, 0, 1, 0, 0, 0, 0, 1], 0.24999999999999997]	754.1607384681702
[[0, 0, 0, 1, 1, 0, 1, 1, 1], 0.25]	421.94734382629395
[[0, 0, 1, 1, 0, 0, 0, 0, 1], 0.24999999999999997]	165.99411940574646
[[0, 0, 0, 1, 1, 0, 1, 0, 1], 0.22777777777777777]	412.34757709503174
[[0, 0, 1, 1, 0, 1, 1, 0, 1], 0.2388888888888889]	147.01921701431274
[[0, 0, 1, 1, 0, 1, 1, 0, 1], 0.22222222222222227]	182.53192710876465
