[[1, 1, 0, 0, 0, 0, 0, 0, 0], 0.058222222222222245]	162.39323902130127
[[1, 0, 0, 0, 1, 0, 1, 0, 0], 0.05904761904761905]	156.46618700027466
[[1, 0, 0, 1, 0, 1, 0, 0, 0], 0.05904761904761905]	140.30496525764465
[[0, 1, 1, 0, 0, 0, 1, 0, 0], 0.05904761904761905]	35.959484338760376
[[1, 0, 0, 0, 1, 0, 0, 0, 0], 0.047936507936507944]	167.8631067276001
[[0, 0, 1, 0, 1, 1, 1, 0, 0], 0.07015873015873016]	106.3387017250061
[[1, 0, 0, 1, 0, 1, 0, 0, 0], 0.05390476190476194]	150.74623465538025
[[0, 1, 0, 0, 0, 0, 0, 0, 0], 0.05739682539682535]	180.69785976409912
[[0, 1, 0, 0, 0, 1, 1, 0, 0], 0.05390476190476194]	146.75348258018494
[[0, 1, 0, 0, 0, 1, 0, 0, 1], 0.05390476190476194]	81.14460968971252
[[0, 0, 1, 0, 1, 1, 0, 0, 0], 0.04876190476190474]	45.58233332633972
[[0, 0, 1, 1, 0, 1, 0, 0, 0], 0.04876190476190474]	64.82520771026611
[[0, 0, 1, 0, 1, 0, 0, 0, 0], 0.053079365079365046]	205.4792857170105
[[0, 1, 0, 0, 0, 1, 0, 1, 0], 0.05390476190476194]	56.027507305145264
[[0, 0, 1, 0, 0, 1, 1, 0, 0], 0.05904761904761905]	101.99361777305603
[[0, 1, 0, 0, 0, 1, 0, 0, 0], 0.047936507936507944]	100.8369574546814
[[0, 1, 1, 0, 1, 0, 1, 0, 0], 0.07015873015873016]	69.39252090454102
[[0, 1, 1, 1, 0, 0, 0, 0, 1], 0.06501587301587305]	88.61786699295044
[[1, 0, 1, 0, 0, 0, 0, 0, 1], 0.05390476190476194]	118.68794250488281
[[1, 0, 0, 1, 0, 1, 0, 1, 0], 0.06501587301587305]	106.31542229652405
