[[1, 1, 1, 0, 1, 0, 1, 1, 0], 0.23888888888888882]	319.33202481269836
[[1, 1, 1, 0, 1, 0, 1, 1, 0], 0.23888888888888882]	318.72583270072937
[[1, 1, 1, 0, 1, 0, 1, 1, 0], 0.23888888888888882]	323.24924755096436
[[1, 1, 1, 0, 1, 0, 1, 1, 0], 0.23888888888888882]	319.5394377708435
[[1, 1, 1, 0, 1, 0, 1, 1, 0], 0.23888888888888882]	319.3798825740814
[[1, 1, 1, 0, 1, 0, 1, 1, 0], 0.23888888888888882]	319.51310682296753
[[1, 1, 1, 0, 1, 0, 1, 1, 0], 0.23888888888888882]	319.8375358581543
[[1, 1, 1, 0, 1, 0, 1, 1, 0], 0.23888888888888882]	320.84904289245605
[[1, 1, 1, 0, 1, 0, 1, 1, 0], 0.23888888888888882]	319.60765862464905
[[1, 1, 1, 0, 1, 0, 1, 1, 0], 0.23888888888888882]	319.71658515930176
[[1, 1, 1, 0, 1, 0, 1, 1, 0], 0.23888888888888882]	321.9420073032379
[[1, 1, 1, 0, 1, 0, 1, 1, 0], 0.23888888888888882]	320.5952076911926
[[1, 1, 1, 0, 1, 0, 1, 1, 0], 0.23888888888888882]	321.92597675323486
[[1, 1, 1, 0, 1, 0, 1, 1, 0], 0.23888888888888882]	320.5334973335266
[[1, 1, 1, 0, 1, 0, 1, 1, 0], 0.23888888888888882]	319.33982825279236
[[1, 1, 1, 0, 1, 0, 1, 1, 0], 0.23888888888888882]	320.2164783477783
[[1, 1, 1, 0, 1, 0, 1, 1, 0], 0.23888888888888882]	320.4582724571228
[[1, 1, 1, 0, 1, 0, 1, 1, 0], 0.23888888888888882]	322.3650505542755
[[1, 1, 1, 0, 1, 0, 1, 1, 0], 0.23888888888888882]	321.0196523666382
[[1, 1, 1, 0, 1, 0, 1, 1, 0], 0.23888888888888882]	320.79152822494507
[[1, 0, 0, 1, 0, 1, 1, 0, 0], 0.29444444444444445]	199.1406660079956
[[1, 1, 0, 1, 1, 0, 1, 0, 1], 0.25]	220.5389699935913
[[1, 0, 1, 1, 0, 0, 1, 0, 1], 0.2388888888888889]	127.09342956542969
[[0, 0, 1, 0, 0, 1, 1, 1, 1], 0.2722222222222222]	136.73548984527588
[[1, 0, 0, 1, 1, 0, 1, 1, 1], 0.19999999999999998]	144.57411098480225
[[0, 0, 0, 1, 1, 0, 1, 1, 1], 0.2444444444444444]	343.78978633880615
[[1, 0, 1, 1, 0, 0, 0, 1, 1], 0.25555555555555554]	205.1131567955017
[[0, 0, 1, 1, 0, 1, 1, 0, 1], 0.2388888888888889]	171.1038773059845
[[1, 1, 0, 1, 0, 0, 0, 0, 1], 0.2444444444444444]	127.21526575088501
[[1, 0, 0, 1, 1, 0, 1, 0, 1], 0.20555555555555552]	425.7586259841919
[[0, 0, 1, 1, 1, 0, 0, 1, 1], 0.30000000000000004]	73.27204489707947
[[0, 1, 0, 1, 0, 0, 0, 0, 1], 0.24999999999999997]	173.30611491203308
[[0, 1, 0, 1, 1, 0, 1, 1, 1], 0.2833333333333333]	105.70762419700623
[[1, 0, 1, 1, 1, 1, 1, 1, 0], 0.34444444444444444]	88.30744242668152
[[0, 1, 1, 1, 1, 0, 1, 0, 1], 0.2666666666666666]	77.05408906936646
[[1, 0, 0, 1, 1, 0, 1, 0, 1], 0.18888888888888888]	606.1309416294098
[[1, 0, 1, 1, 0, 0, 0, 0, 1], 0.2777777777777778]	179.89722990989685
[[1, 0, 0, 1, 0, 0, 0, 0, 1], 0.26111111111111107]	185.90156483650208
[[1, 0, 0, 1, 0, 1, 1, 0, 1], 0.25555555555555554]	582.6187982559204
[[1, 1, 0, 1, 0, 0, 1, 0, 1], 0.2888888888888889]	207.94066405296326
[[1, 0, 1, 0, 0, 0, 0, 0, 1], 0.26111111111111107]	116.90024209022522
[[1, 1, 1, 1, 0, 0, 0, 0, 0], 0.2777777777777778]	113.04028916358948
[[1, 1, 1, 1, 1, 0, 1, 0, 0], 0.2722222222222222]	141.36467504501343
[[0, 0, 0, 1, 0, 1, 0, 0, 1], 0.24999999999999997]	368.35808634757996
[[1, 1, 0, 1, 1, 0, 1, 1, 0], 0.2833333333333333]	128.6746428012848
[[0, 0, 1, 1, 0, 1, 1, 0, 1], 0.2388888888888889]	242.90492391586304
[[0, 0, 0, 1, 0, 0, 1, 1, 1], 0.2777777777777778]	193.76177048683167
[[0, 0, 1, 1, 0, 1, 1, 1, 1], 0.25]	215.74436116218567
[[1, 0, 0, 1, 0, 1, 1, 1, 0], 0.31666666666666665]	132.21411156654358
[[1, 0, 0, 1, 1, 0, 1, 0, 0], 0.26111111111111107]	201.85232162475586
[[1, 0, 1, 1, 0, 1, 1, 0, 1], 0.23333333333333336]	212.47579884529114
[[1, 0, 0, 1, 1, 1, 1, 1, 1], 0.22777777777777775]	183.83603596687317
[[1, 0, 1, 1, 0, 1, 1, 0, 0], 0.2888888888888889]	246.64388465881348
[[0, 1, 0, 1, 1, 0, 1, 0, 1], 0.25555555555555554]	196.93980407714844
[[1, 0, 1, 1, 0, 0, 1, 0, 1], 0.25555555555555554]	84.80700087547302
[[1, 1, 0, 1, 1, 0, 0, 1, 1], 0.2833333333333333]	262.56627893447876
[[0, 1, 0, 1, 1, 0, 1, 0, 1], 0.2722222222222222]	98.026926279068
[[0, 1, 0, 1, 1, 0, 1, 1, 1], 0.2666666666666666]	112.02401232719421
[[0, 0, 1, 1, 0, 1, 0, 1, 1], 0.2388888888888889]	154.63202691078186
[[1, 1, 0, 1, 1, 0, 1, 0, 1], 0.23333333333333336]	203.39274787902832
[[1, 1, 1, 1, 1, 0, 1, 0, 1], 0.2833333333333333]	201.75574922561646
[[1, 0, 0, 1, 1, 0, 1, 0, 1], 0.2388888888888889]	205.63897967338562
[[1, 0, 0, 1, 0, 1, 1, 1, 1], 0.2833333333333333]	111.6139919757843
[[1, 0, 0, 1, 1, 0, 1, 0, 1], 0.22222222222222227]	296.7408890724182
