[[1, 0, 0, 0, 0, 1, 0, 1, 1], 1.4445598883730812]	108.73526549339294
[[1, 0, 0, 0, 1, 0, 0, 0, 1], 1.6114959318879714]	206.6068820953369
[[1, 0, 0, 1, 0, 0, 1, 0, 1], 1.4413142599303448]	108.4157886505127
[[1, 0, 0, 1, 0, 0, 1, 0, 1], 1.4413142599303448]	140.0722222328186
[[1, 0, 0, 1, 1, 1, 0, 1, 1], 1.2729587345327709]	80.78736591339111
[[1, 0, 0, 0, 1, 0, 0, 0, 1], 1.6114959318879714]	193.92484378814697
[[1, 0, 0, 1, 0, 0, 1, 0, 1], 1.435599974216059]	117.66713380813599
[[1, 0, 0, 1, 0, 1, 0, 1, 1], 1.3383271412907547]	125.56671667098999
[[1, 0, 0, 0, 0, 1, 0, 1, 1], 1.4445598883730812]	230.50485491752625
[[1, 0, 0, 0, 1, 0, 0, 0, 1], 1.6114959318879714]	195.26492524147034
[[1, 0, 0, 1, 0, 1, 1, 0, 1], 1.341806857885619]	109.33183979988098
[[1, 0, 0, 1, 1, 1, 1, 0, 1], 1.2771724179123465]	65.58881831169128
[[1, 0, 0, 0, 1, 0, 0, 0, 1], 1.6114959318879714]	210.30119395256042
[[1, 0, 0, 1, 0, 0, 1, 0, 1], 1.4413142599303448]	95.10683727264404
[[1, 0, 0, 0, 1, 0, 0, 0, 1], 1.6114959318879714]	230.53615975379944
[[1, 0, 0, 0, 1, 0, 0, 0, 1], 1.6114959318879714]	229.3456335067749
[[1, 0, 0, 1, 1, 1, 0, 1, 1], 1.2729587345327709]	91.11508536338806
[[1, 0, 0, 1, 0, 0, 1, 0, 1], 1.4413142599303448]	131.33656191825867
[[1, 0, 0, 0, 0, 1, 0, 1, 1], 1.4388456026587955]	154.73367309570312
[[1, 0, 0, 0, 1, 0, 0, 0, 1], 1.6114959318879714]	192.78325819969177
