[[1, 1, 0, 1, 1, 1, 0, 1], 0.25312500000000004]	1349.5408697128296
[[1, 1, 1, 0, 1, 0, 0, 1], 0.26406250000000003]	411.16417241096497
[[1, 1, 1, 1, 1, 1, 0, 1], 0.2734375]	339.2541527748108
[[1, 1, 1, 0, 1, 1, 1, 0], 0.265625]	399.3498537540436
[[0, 0, 1, 1, 1, 1, 0, 1], 0.2625]	1477.984662771225
[[1, 0, 1, 0, 1, 1, 1, 0], 0.27656250000000004]	775.6707940101624
[[1, 1, 0, 1, 0, 1, 1, 1], 0.278125]	570.3266355991364
[[0, 0, 1, 1, 1, 1, 1, 1], 0.278125]	589.3737895488739
[[1, 0, 1, 1, 1, 1, 1, 1], 0.28437499999999993]	403.4927489757538
[[0, 1, 0, 0, 0, 1, 0, 1], 0.25781249999999994]	168.05547523498535
[[1, 1, 0, 0, 0, 0, 1, 0], 0.24843749999999998]	509.55835604667664
[[0, 1, 0, 0, 0, 1, 0, 0], 0.24531249999999996]	302.30261063575745
[[1, 1, 0, 0, 0, 0, 0, 0], 0.23124999999999996]	649.1501085758209
[[0, 0, 0, 0, 0, 1, 0, 0], 0.24062500000000003]	614.109123468399
[[0, 1, 0, 1, 1, 1, 1, 0], 0.25312500000000004]	297.2477390766144
[[0, 1, 0, 0, 0, 1, 0, 0], 0.24531249999999996]	261.13256454467773
[[0, 1, 0, 0, 0, 1, 1, 0], 0.25312500000000004]	223.17012667655945
[[0, 1, 0, 0, 0, 1, 0, 0], 0.25]	325.99063515663147
[[0, 1, 0, 1, 0, 1, 0, 0], 0.25781249999999994]	411.271240234375
[[0, 1, 0, 1, 0, 1, 0, 1], 0.27031249999999996]	260.75699162483215
[[0, 1, 0, 0, 1, 1, 0, 0], 0.25312500000000004]	236.0047218799591
[[0, 1, 0, 0, 0, 1, 1, 0], 0.25312500000000004]	206.35732293128967
[[0, 1, 1, 0, 0, 1, 1, 0], 0.25312500000000004]	268.7513680458069
[[0, 1, 0, 0, 0, 0, 1, 0], 0.25312500000000004]	580.791960477829
[[0, 1, 1, 0, 0, 1, 0, 0], 0.2625]	405.64508390426636
[[1, 1, 0, 0, 0, 0, 1, 0], 0.25312500000000004]	415.3754026889801
[[0, 1, 0, 0, 0, 1, 0, 0], 0.24062500000000003]	627.0972783565521
[[0, 1, 0, 0, 0, 1, 0, 0], 0.24531249999999996]	330.07473635673523
[[0, 1, 0, 0, 0, 1, 0, 0], 0.24062500000000003]	372.2190475463867
[[1, 1, 0, 0, 0, 0, 1, 0], 0.25312500000000004]	346.2845811843872
[[0, 1, 0, 1, 0, 0, 1, 1], 0.24843749999999998]	773.6579151153564
[[0, 1, 1, 0, 0, 1, 0, 1], 0.2609375]	421.9724338054657
[[0, 1, 0, 0, 0, 1, 0, 0], 0.24531249999999996]	513.6014196872711
[[0, 1, 0, 0, 0, 0, 0, 1], 0.2609375]	510.40004992485046
[[0, 1, 0, 0, 0, 1, 0, 0], 0.24062500000000003]	536.9217479228973
[[0, 1, 0, 0, 0, 1, 0, 0], 0.24531249999999996]	255.34209609031677
[[0, 1, 0, 0, 0, 1, 0, 1], 0.25312500000000004]	287.18372440338135
[[1, 1, 0, 0, 0, 0, 1, 0], 0.24843749999999998]	376.64080905914307
