[[0, 1, 1, 1, 0, 0, 1, 0, 1], 0.3222222222222222]	661.7728309631348
[[0, 0, 0, 1, 1, 0, 0, 0, 1], 0.3277777777777778]	765.9775812625885
[[0, 1, 0, 1, 1, 0, 1, 0, 1], 0.3222222222222222]	2116.361403942108
[[1, 0, 1, 0, 0, 0, 1, 1, 1], 0.3222222222222222]	1409.9043202400208
[[0, 1, 0, 1, 1, 0, 1, 0, 1], 0.3222222222222222]	528.4154055118561
[[0, 1, 0, 1, 1, 0, 1, 0, 1], 0.3222222222222222]	1142.4217545986176
[[0, 1, 0, 1, 1, 0, 1, 0, 1], 0.3222222222222222]	2119.0265719890594
[[1, 1, 0, 1, 1, 0, 0, 0, 1], 0.3222222222222222]	1054.8994588851929
[[0, 1, 0, 1, 1, 0, 1, 0, 1], 0.3222222222222222]	1144.444301366806
[[0, 1, 0, 1, 1, 0, 1, 0, 1], 0.3222222222222222]	529.9427077770233
[[1, 1, 1, 1, 0, 0, 1, 0, 0], 0.33888888888888885]	700.3766443729401
[[0, 0, 0, 1, 1, 0, 0, 0, 1], 0.3277777777777778]	756.4792354106903
[[0, 1, 0, 1, 1, 0, 1, 0, 1], 0.3222222222222222]	2125.147716522217
[[0, 1, 1, 1, 1, 0, 1, 0, 0], 0.3222222222222222]	1738.366153717041
[[0, 1, 1, 1, 0, 0, 1, 0, 1], 0.3222222222222222]	632.4175517559052
[[0, 1, 0, 1, 1, 0, 1, 0, 1], 0.3222222222222222]	1141.1170845031738
[[1, 0, 1, 0, 1, 0, 1, 0, 0], 0.3277777777777778]	871.8758625984192
[[1, 0, 0, 1, 1, 0, 1, 1, 0], 0.3222222222222222]	1137.393926858902
[[0, 1, 0, 1, 1, 0, 1, 0, 1], 0.3222222222222222]	1075.3464229106903
[[1, 0, 1, 0, 0, 0, 1, 1, 1], 0.3222222222222222]	1408.9837210178375
