[[1, 0, 1, 1, 0, 0, 1, 1], 1.8808462657112557]	535.0135014057159
[[0, 0, 0, 0, 0, 1, 1, 1], 2.6612186699555664]	491.3755102157593
[[1, 0, 1, 1, 0, 0, 1, 1], 1.8808462657112561]	816.4455904960632
[[0, 0, 0, 1, 0, 0, 1, 1], 2.640817393129746]	525.9080522060394
[[1, 0, 1, 1, 0, 0, 1, 1], 1.8808462657112568]	501.51833391189575
[[0, 0, 0, 1, 0, 0, 1, 1], 2.6408173931297485]	500.9737184047699
[[0, 0, 1, 1, 0, 0, 1, 1], 2.1769977512480865]	774.0213074684143
[[1, 0, 1, 1, 0, 0, 1, 1], 1.8756379522461382]	501.07158875465393
[[1, 0, 0, 1, 0, 0, 1, 1], 2.185120855516205]	754.2831134796143
[[0, 0, 1, 1, 0, 0, 1, 1], 2.176997751248087]	543.5736291408539
[[0, 0, 0, 1, 0, 0, 1, 1], 2.6408173931297485]	542.8458635807037
[[1, 0, 1, 1, 0, 0, 1, 1], 1.8808462657112563]	509.6950764656067
[[0, 0, 0, 1, 0, 0, 1, 1], 2.6460257065948642]	515.0596809387207
[[1, 0, 1, 1, 0, 0, 1, 1], 1.880846265711256]	822.6223020553589
[[0, 0, 0, 1, 0, 0, 1, 1], 2.640817393129747]	539.1960070133209
[[0, 0, 0, 1, 0, 0, 1, 1], 2.646025706594865]	519.5279774665833
[[1, 0, 1, 1, 0, 0, 1, 1], 1.880846265711256]	499.33875703811646
[[0, 0, 0, 1, 0, 0, 1, 1], 2.640817393129745]	508.5391671657562
[[1, 0, 1, 1, 0, 0, 1, 1], 1.8808462657112566]	567.1773114204407
[[0, 0, 1, 1, 0, 0, 1, 1], 2.176997751248086]	527.1166534423828
[[0, 0, 0, 1, 0, 0, 1, 1], 2.640817393129747]	495.33749127388

[[0, 0, 0, 1, 0, 0, 1, 1], 2.7293590399281986]	246.61024451255798
[[1, 0, 1, 1, 0, 0, 1, 1], 1.9850129323779226]	82.990243434906
[[1, 0, 0, 1, 0, 0, 1, 1], 2.2476208555162054]	326.25201416015625
[[0, 0, 0, 1, 0, 0, 1, 1], 2.7189423732615317]	220.24270915985107
[[1, 0, 1, 1, 0, 0, 1, 1], 1.9798045990445896]	128.54242372512817
[[0, 0, 1, 1, 0, 0, 1, 1], 2.2655394179147534]	182.6073181629181
[[1, 0, 1, 1, 0, 0, 1, 1], 1.9850129323779226]	106.30071115493774
[[1, 0, 1, 1, 0, 0, 1, 1], 1.9902212657112561]	174.62707114219666
[[1, 0, 0, 1, 0, 0, 1, 1], 2.284079188849539]	226.71319818496704
[[1, 0, 1, 1, 0, 0, 1, 1], 1.9850129323779226]	127.50822901725769
[[1, 0, 0, 1, 0, 0, 1, 1], 2.268454188849539]	437.58037972450256
[[1, 0, 1, 1, 0, 0, 1, 1], 1.9798045990445896]	134.71982598304749
[[1, 0, 0, 1, 0, 0, 1, 1], 2.273662522182872]	256.6826333999634
[[1, 0, 1, 1, 0, 0, 1, 1], 1.9902212657112561]	168.57255053520203
[[1, 0, 1, 1, 0, 0, 1, 1], 1.9902212657112561]	120.95227694511414
[[0, 0, 0, 1, 0, 0, 1, 1], 2.7189423732615317]	524.4969959259033
[[0, 0, 1, 1, 0, 0, 1, 1], 2.239497751248087]	259.606404542923
[[0, 0, 0, 1, 0, 0, 1, 1], 2.724150706594865]	287.7028923034668
[[0, 0, 0, 1, 0, 0, 1, 1], 2.7293590399281986]	259.84095096588135
[[1, 0, 0, 1, 0, 0, 1, 1], 2.268454188849539]	291.3445861339569

[[1, 1, 0, 0, 0, 0, 1, 0], 3.03051533220299]	164.2070279121399	
[[1, 1, 1, 0, 0, 0, 1, 1], 2.0289603456470324]	300.1878111362457
[[1, 1, 1, 0, 0, 0, 1, 0], 2.413090070431082]	229.54522395133972
[[1, 1, 1, 0, 0, 0, 1, 1], 2.0289603456470324]	265.44795060157776
[[1, 1, 1, 0, 0, 0, 1, 1], 2.0289603456470324]	232.88106751441956
[[1, 1, 1, 0, 0, 0, 1, 1], 2.0289603456470324]	214.60249638557434
[[1, 1, 0, 0, 0, 0, 1, 0], 3.0357236655363233]	300.47844433784485
[[1, 1, 1, 0, 0, 0, 1, 1], 2.0341686789803655]	234.47486925125122
[[1, 1, 1, 0, 0, 0, 1, 1], 2.023752012313699]	286.4269745349884
[[1, 1, 1, 0, 0, 0, 1, 1], 2.0341686789803655]	302.09863781929016
[[1, 1, 1, 0, 0, 0, 1, 0], 2.418298403764415]	312.6857566833496
[[1, 1, 0, 0, 0, 0, 1, 0], 3.0409319988696564]	276.4670784473419
[[1, 1, 1, 0, 0, 0, 1, 1], 2.0289603456470324]	237.1690173149109
[[1, 1, 1, 0, 0, 0, 1, 0], 2.4078817370977483]	236.3743941783905
[[1, 1, 0, 0, 0, 0, 1, 0], 3.04614033220299]	286.256249666214
[[1, 1, 1, 0, 0, 0, 1, 0], 2.418298403764415]	193.572448015213
[[1, 1, 0, 0, 0, 0, 1, 0], 3.03051533220299]	186.37066650390625
[[1, 1, 1, 0, 0, 0, 1, 0], 2.413090070431082]	209.99329280853271
[[1, 1, 1, 0, 0, 0, 1, 1], 2.0289603456470324]	286.90999484062195
[[1, 1, 1, 0, 0, 0, 1, 0], 2.413090070431082]	204.64218950271606
