[[1, 1, 0, 0, 1, 1, 0, 0, 1], 1.5740003603028867]	865.9671640396118
[[0, 0, 0, 1, 0, 1, 1, 0, 1], 1.8346435412753714]	1183.8240292072296
[[1, 1, 0, 0, 0, 1, 0, 0, 1], 1.7975334284778923]	514.4323117733002
[[0, 1, 0, 1, 1, 1, 0, 0, 1], 1.6179073635422023]	736.4304845333099
[[0, 1, 0, 1, 0, 0, 0, 0, 1], 2.104864738295781]	1010.350460767746
[[0, 1, 0, 1, 1, 1, 0, 0, 1], 1.6549444381080902]	606.721982717514
[[0, 1, 0, 0, 0, 0, 1, 0, 1], 2.104350889102904]	708.1378107070923
[[1, 1, 0, 1, 0, 1, 0, 1, 1], 1.4084325253605714]	898.9240627288818
[[1, 0, 1, 1, 1, 0, 0, 1, 1], 1.3780836118471629]	796.4245829582214
[[0, 1, 0, 0, 0, 0, 1, 0, 1], 2.1043508891029035]	818.8950397968292
[[0, 1, 0, 1, 1, 0, 0, 0, 1], 1.8273718330624535]	1012.6943097114563
[[0, 1, 0, 1, 1, 1, 0, 0, 1], 1.5993888560615814]	598.4771800041199
[[0, 1, 0, 1, 1, 1, 0, 0, 1], 1.691981453069333]	1162.1109673976898
[[1, 1, 0, 0, 0, 1, 0, 0, 1], 1.797533428477893]	597.8145382404327
[[0, 1, 0, 0, 0, 0, 1, 0, 1], 2.1043508891029035]	519.9743409156799
[[0, 1, 0, 1, 0, 0, 0, 0, 1], 2.178938827822911]	980.6033775806427
[[0, 1, 0, 1, 1, 0, 0, 0, 1], 1.864408907628341]	699.7692232131958
[[1, 0, 0, 1, 1, 1, 1, 0, 1], 1.3958365143470668]	733.37113904953
[[0, 1, 0, 0, 1, 1, 1, 0, 1], 1.6237900564313517]	767.3259100914001
[[0, 1, 0, 1, 0, 1, 0, 0, 1], 1.8176959733387297]	600.0306618213654

[[0, 0, 0, 1, 1, 1, 0, 0, 1], 2.0530105518075477]	84.75432872772217
[[0, 1, 0, 0, 1, 1, 0, 0, 1], 2.0208645054529093]	95.62325763702393
[[0, 1, 0, 0, 1, 1, 0, 0, 1], 2.002345986934391]	110.67196607589722
[[0, 0, 1, 1, 1, 1, 0, 1, 1], 1.5615131731753444]	71.77599287033081
[[0, 1, 0, 1, 1, 1, 0, 1, 1], 1.604172314558126]	147.0250542163849
[[0, 0, 0, 1, 1, 1, 0, 0, 1], 2.0530105518075477]	126.3723361492157
[[0, 0, 0, 1, 1, 0, 0, 1, 1], 2.0522572013152542]	74.52288913726807
[[0, 1, 0, 1, 1, 1, 0, 1, 1], 1.604172314558126]	84.29807710647583
[[0, 1, 0, 0, 1, 0, 0, 0, 1], 2.5131220950462474]	94.14725255966187
[[0, 0, 0, 1, 1, 0, 0, 0, 1], 2.521917591891454]	115.14684820175171
[[0, 0, 1, 0, 1, 1, 0, 1, 1], 1.71939095700667]	97.5613431930542
[[0, 0, 0, 1, 1, 0, 0, 0, 1], 2.521917591891454]	118.38463878631592
[[0, 0, 0, 1, 1, 1, 0, 1, 1], 1.7385273058626387]	88.48655772209167
[[0, 0, 0, 1, 1, 1, 0, 0, 1], 2.108566107363103]	143.9476454257965
[[0, 0, 0, 1, 1, 1, 0, 1, 1], 1.8126013799367127]	87.84063506126404
[[0, 0, 1, 1, 1, 1, 0, 1, 1], 1.5985502102123816]	94.1187903881073
[[0, 0, 0, 1, 1, 1, 0, 0, 1], 2.071529070326066]	122.63006639480591
[[0, 0, 0, 1, 1, 1, 0, 1, 1], 1.7755643428996757]	64.39468812942505
[[0, 0, 0, 1, 1, 1, 0, 0, 1], 2.0530105518075477]	92.55696892738342
[[0, 0, 0, 1, 1, 0, 0, 0, 1], 2.521917591891454]	92.69633102416992
