[[0, 1, 0, 0, 0, 1, 0, 1, 0], 0.05390476190476194]	51.562052488327026
[[0, 1, 0, 0, 0, 0, 1, 0, 0], 0.053079365079365046]	226.25266408920288
[[1, 0, 0, 0, 1, 0, 0, 0, 0], 0.047936507936507944]	240.97110438346863
[[0, 0, 1, 0, 1, 0, 0, 0, 0], 0.053079365079365046]	220.6741750240326
[[1, 0, 0, 1, 0, 1, 0, 0, 0], 0.05390476190476194]	263.0545389652252
[[0, 1, 0, 0, 0, 1, 0, 0, 1], 0.05390476190476194]	134.45907521247864
[[0, 1, 0, 0, 0, 1, 0, 0, 0], 0.047936507936507944]	105.91558051109314
[[0, 1, 0, 0, 0, 1, 0, 0, 0], 0.047936507936507944]	135.3530113697052
[[0, 0, 1, 0, 0, 1, 0, 1, 0], 0.05390476190476194]	118.36717653274536
[[1, 0, 1, 0, 0, 0, 0, 0, 0], 0.047936507936507944]	231.95817732810974
[[1, 0, 0, 0, 0, 0, 1, 0, 0], 0.047936507936507944]	168.07066941261292
[[1, 0, 0, 0, 1, 0, 0, 0, 0], 0.047936507936507944]	365.9109604358673
[[1, 0, 0, 0, 1, 1, 0, 1, 0], 0.06501587301587305]	89.22609758377075
[[0, 0, 1, 0, 0, 0, 1, 0, 0], 0.047936507936507944]	83.00752925872803
[[1, 0, 0, 0, 0, 0, 1, 0, 0], 0.047936507936507944]	132.33537364006042
[[0, 0, 0, 0, 0, 1, 1, 0, 0], 0.053079365079365046]	113.25922918319702
[[1, 0, 1, 0, 0, 0, 0, 0, 1], 0.05390476190476194]	184.11440205574036
[[0, 0, 1, 0, 1, 1, 0, 0, 0], 0.04876190476190474]	145.20647192001343
[[1, 0, 1, 0, 0, 0, 0, 0, 0], 0.047936507936507944]	240.11547589302063
[[0, 1, 0, 0, 0, 1, 0, 1, 0], 0.05390476190476194]	79.13281846046448
