[[1, 1, 0, 0, 0, 0, 1, 0], 3.0513486655363233]	488.6080095767975
[[1, 0, 1, 0, 0, 1, 1, 0], 2.43059227537944]	439.5328893661499
[[1, 1, 1, 0, 0, 0, 1, 1], 2.0341686789803655]	452.40619134902954
[[1, 1, 1, 0, 0, 0, 1, 1], 2.0289603456470324]	311.6351969242096
[[1, 1, 0, 0, 0, 0, 1, 0], 3.03051533220299]	249.69233632087708
[[1, 1, 1, 0, 0, 0, 1, 0], 2.4078817370977483]	262.04815673828125
[[1, 1, 1, 0, 0, 0, 1, 0], 2.418298403764415]	378.131365776062
[[1, 1, 0, 0, 0, 0, 1, 0], 3.0409319988696564]	327.388947725296
[[1, 1, 1, 0, 0, 0, 1, 0], 2.418298403764415]	386.0010943412781
[[1, 1, 1, 0, 0, 0, 1, 1], 2.0289603456470324]	293.2169392108917
[[1, 1, 1, 0, 0, 0, 1, 1], 2.0289603456470324]	344.19899344444275
[[1, 1, 1, 0, 0, 0, 1, 1], 2.023752012313699]	258.6303622722626
[[1, 0, 1, 0, 0, 1, 1, 0], 2.4201756087127735]	379.7128803730011
[[1, 1, 1, 0, 0, 0, 1, 0], 2.4078817370977483]	263.3639831542969
[[1, 1, 1, 0, 0, 0, 1, 1], 2.0341686789803655]	352.26610827445984
[[1, 1, 1, 0, 0, 0, 1, 1], 2.023752012313699]	284.33286476135254
[[1, 1, 0, 0, 0, 0, 1, 0], 3.0513486655363233]	254.02684664726257
[[1, 0, 0, 0, 0, 1, 1, 0], 3.0392771572591797]	285.33670020103455
[[1, 1, 1, 0, 0, 0, 1, 0], 2.413090070431082]	271.82659220695496
[[1, 1, 0, 0, 0, 0, 1, 0], 3.04614033220299]	412.14533376693726
[[1, 1, 0, 0, 0, 1, 1, 1], 0.78125]	651.5769355297089
[[0, 1, 1, 0, 0, 1, 1, 1], 0.7552083333333334]	287.95527601242065
[[1, 1, 0, 0, 0, 1, 1, 1], 0.7760416666666666]	354.2788665294647
[[1, 1, 0, 0, 0, 0, 1, 0], 0.7708333333333334]	594.5689158439636
[[1, 1, 1, 0, 0, 0, 1, 0], 0.7552083333333334]	418.20938301086426
[[1, 1, 0, 0, 1, 0, 1, 1], 0.7552083333333334]	306.04193210601807
[[1, 1, 1, 0, 0, 1, 1, 0], 0.7708333333333334]	356.99090909957886
[[0, 1, 1, 0, 0, 1, 1, 1], 0.7604166666666666]	351.1716663837433
[[1, 1, 0, 0, 1, 0, 1, 1], 0.7760416666666666]	321.7126295566559
[[1, 1, 0, 0, 0, 0, 1, 0], 0.765625]	285.29215121269226
[[1, 1, 0, 0, 0, 0, 1, 0], 0.7604166666666666]	267.70469760894775
[[1, 1, 1, 0, 0, 1, 1, 0], 0.78125]	272.9956045150757
[[1, 1, 0, 0, 0, 1, 1, 1], 0.78125]	387.5842022895813
[[0, 1, 1, 0, 0, 1, 1, 1], 0.765625]	509.5213830471039
[[1, 1, 0, 0, 0, 0, 1, 0], 0.75]	286.90302634239197
[[0, 1, 0, 0, 0, 0, 1, 1], 0.7552083333333334]	522.2376637458801
[[1, 1, 0, 0, 0, 0, 1, 0], 0.765625]	463.1001944541931
[[1, 1, 1, 0, 0, 1, 1, 0], 2.036011098572261]	265.0950257778168
