[[1, 0, 0, 0, 1, 0, 1, 0, 0], 0.05904761904761905]	591.4769287109375
[[1, 0, 0, 0, 1, 0, 1, 0, 0], 0.05904761904761905]	793.1564276218414
[[1, 0, 0, 0, 1, 0, 1, 0, 0], 0.05904761904761905]	578.7753965854645
[[1, 0, 0, 0, 1, 0, 1, 0, 0], 0.05904761904761905]	592.1124939918518
[[1, 0, 0, 0, 1, 0, 1, 0, 0], 0.05904761904761905]	571.9917531013489
[[1, 0, 0, 0, 1, 0, 1, 0, 0], 0.05904761904761905]	598.2369091510773
[[1, 0, 0, 0, 1, 0, 1, 0, 0], 0.05904761904761905]	592.5102014541626
[[1, 0, 1, 0, 1, 0, 1, 0, 0], 0.05987301587301585]	418.89692521095276
[[1, 0, 0, 0, 1, 0, 1, 0, 0], 0.05904761904761905]	572.5733089447021
[[1, 0, 0, 0, 1, 0, 1, 0, 0], 0.05904761904761905]	600.5695509910583
[[1, 0, 0, 0, 1, 0, 1, 0, 0], 0.05904761904761905]	593.9399359226227
[[1, 0, 0, 0, 1, 0, 1, 0, 0], 0.05904761904761905]	596.7783033847809
[[1, 0, 0, 0, 1, 0, 1, 0, 0], 0.05904761904761905]	596.819354057312
[[1, 0, 0, 0, 1, 0, 1, 0, 0], 0.05904761904761905]	571.0177047252655
[[1, 0, 0, 0, 1, 0, 1, 0, 0], 0.05904761904761905]	640.932190656662
[[1, 0, 0, 0, 1, 0, 1, 0, 0], 0.05904761904761905]	765.685733795166
[[1, 0, 0, 0, 1, 0, 1, 0, 0], 0.05904761904761905]	722.9505896568298
[[1, 0, 0, 0, 1, 0, 1, 0, 0], 0.05904761904761905]	682.1160314083099
[[1, 0, 0, 0, 1, 0, 1, 0, 0], 0.05904761904761905]	344.0011820793152
[[1, 0, 0, 0, 1, 0, 1, 0, 0], 0.05904761904761905]	685.762552022934
