[[1, 0, 0, 0, 0, 0, 1, 0, 0, 1, 0, 0, 1, 1, 0, 0, 1, 1], 0.1832285115303983]	1579.5848908424377
[[1, 0, 0, 0, 0, 0, 1, 0, 0, 1, 0, 0, 0, 1, 0, 0, 1, 1], 0.19040880503144655]	2216.234516143799
[[1, 0, 0, 0, 0, 1, 1, 0, 0, 0, 0, 0, 1, 1, 0, 0, 1, 1], 0.23417190775681337]	211.2282750606537
[[1, 0, 0, 0, 0, 0, 1, 0, 0, 0, 0, 0, 0, 1, 0, 0, 1, 1], 0.23579664570230607]	112.65847635269165
[[1, 0, 0, 0, 0, 1, 1, 0, 0, 0, 0, 0, 1, 1, 0, 0, 1, 1], 0.23417190775681337]	218.66339993476868
[[1, 1, 0, 0, 0, 0, 1, 1, 0, 0, 0, 0, 0, 1, 1, 0, 1, 1], 0.20151991614255765]	150.66984963417053
[[1, 0, 0, 0, 0, 0, 1, 0, 0, 0, 0, 0, 0, 1, 0, 0, 1, 1], 0.23579664570230607]	196.27484107017517
[[1, 0, 0, 0, 0, 1, 1, 0, 0, 0, 0, 0, 1, 1, 0, 0, 1, 1], 0.23417190775681337]	211.83835530281067
[[1, 0, 0, 0, 0, 0, 1, 0, 0, 1, 0, 0, 1, 1, 0, 0, 1, 1], 0.21719077568134168]	234.9557466506958
[[1, 0, 0, 0, 0, 1, 1, 0, 0, 0, 0, 0, 1, 1, 0, 0, 1, 1], 0.23417190775681337]	228.1154420375824
[[1, 0, 0, 0, 0, 0, 1, 1, 0, 1, 0, 0, 1, 1, 0, 0, 1, 1], 0.1760482180293501]	5132.211556196213
[[1, 0, 1, 0, 0, 0, 0, 1, 0, 0, 0, 0, 0, 1, 0, 0, 1, 1], 0.19465408805031442]	2815.8506922721863
[[1, 0, 0, 0, 0, 0, 1, 1, 0, 1, 0, 0, 1, 1, 0, 0, 1, 1], 0.18878406708595383]	2163.6321411132812
[[1, 0, 0, 1, 1, 0, 1, 1, 0, 0, 0, 0, 0, 1, 0, 0, 1, 1], 0.19727463312368967]	1967.3078966140747
----------------------------------------------------------

[[1, 0, 0, 0, 0, 1, 1, 0, 0, 0, 0, 0, 1, 1, 0, 0, 1, 1], 0.23417190775681337]	202.38022303581238
[[1, 0, 0, 0, 0, 0, 1, 0, 0, 1, 0, 0, 1, 1, 0, 0, 1, 1], 0.21719077568134168]	206.3006660938263
[[1, 0, 0, 0, 0, 1, 1, 0, 0, 0, 0, 0, 1, 1, 0, 0, 1, 1], 0.23417190775681337]	209.77621603012085
[[1, 1, 0, 0, 0, 0, 1, 1, 0, 0, 0, 0, 0, 1, 1, 0, 1, 1], 0.20151991614255765]	208.51235914230347
[[1, 0, 0, 0, 0, 0, 1, 0, 0, 0, 0, 0, 0, 1, 0, 0, 1, 1], 0.23579664570230607]	148.07871317863464
[[1, 0, 1, 0, 0, 0, 1, 1, 0, 0, 0, 0, 0, 1, 0, 0, 1, 1], 0.20445492662473796]	434.89937925338745
[[1, 1, 0, 0, 0, 0, 0, 1, 0, 1, 0, 0, 0, 1, 0, 0, 1, 1], 0.20445492662473796]	642.4797539710999
[[1, 0, 0, 1, 1, 1, 0, 0, 1, 0, 0, 0, 0, 0, 0, 0, 0, 1], 0.24135220125786164]	193.82197499275208
[[1, 0, 0, 0, 0, 1, 0, 1, 0, 1, 0, 1, 0, 1, 0, 0, 1, 1], 0.21425576519916137]	760.1857962608337
[[0, 1, 0, 0, 0, 0, 1, 1, 0, 1, 0, 0, 0, 1, 0, 1, 1, 1], 0.22274633123689722]	281.2875065803528
[[1, 0, 1, 0, 0, 0, 0, 1, 0, 0, 0, 0, 0, 0, 0, 0, 1, 1], 0.21881551362683438]	274.43176007270813
[[1, 0, 0, 0, 0, 0, 0, 1, 0, 1, 1, 0, 0, 1, 0, 0, 1, 1], 0.2129454926624738]	430.5755808353424
[[1, 0, 0, 0, 0, 0, 1, 1, 0, 0, 0, 0, 0, 1, 0, 0, 1, 1], 0.24984276729559748]	156.13774228096008
[[1, 1, 1, 0, 0, 0, 1, 1, 0, 0, 0, 0, 0, 0, 1, 0, 1, 1], 0.1930293501048218]	224.25064849853516
[[0, 1, 1, 1, 1, 0, 0, 1, 0, 1, 0, 0, 0, 0, 0, 0, 0, 1], 0.22143605870020966]	272.0403642654419
[[1, 1, 0, 0, 0, 0, 1, 1, 0, 1, 0, 0, 0, 0, 1, 0, 1, 1], 0.18453878406708596]	460.5844073295593
[[1, 0, 0, 0, 0, 0, 1, 1, 0, 0, 0, 0, 0, 0, 0, 0, 1, 1], 0.21032494758909853]	260.38965821266174
[[1, 0, 0, 0, 0, 0, 1, 1, 1, 1, 0, 0, 0, 1, 0, 0, 1, 1], 0.22274633123689722]	243.0039701461792
[[1, 0, 0, 0, 1, 0, 1, 0, 0, 0, 1, 0, 0, 1, 0, 0, 1, 1], 0.23417190775681337]	320.5033280849457
[[1, 0, 0, 0, 0, 0, 1, 1, 0, 1, 0, 0, 0, 1, 0, 0, 1, 1], 0.19596436058700212]	219.78975343704224
