[[0, 0, 0, 1, 0, 0, 0, 0, 1], 1.8760963518513138]	72.48381066322327
[[0, 0, 0, 1, 0, 0, 0, 0, 0], 2.5447107860458518]	100.1964819431305
[[0, 0, 0, 0, 1, 0, 0, 1, 1], 1.5451349012192022]	113.3159568309784
[[1, 0, 0, 0, 1, 0, 0, 0, 1], 1.6114959318879714]	148.21308708190918
[[0, 0, 0, 1, 1, 0, 0, 0, 1], 1.5195614103503]	67.71529412269592
[[1, 0, 0, 0, 1, 0, 0, 0, 1], 1.6114959318879714]	81.28530788421631
[[1, 0, 0, 0, 0, 0, 0, 0, 0], 2.725346757356614]	110.14779996871948
[[0, 0, 0, 1, 0, 1, 1, 0, 0], 1.5048458858237737]	61.66259527206421
[[0, 0, 0, 0, 0, 1, 0, 0, 0], 2.5794912725984958]	97.55265617370605
[[0, 0, 0, 0, 0, 0, 0, 0, 1], 3.280238105162874]	103.66606998443604
[[0, 0, 0, 0, 0, 1, 0, 0, 0], 2.5794912725984958]	111.3081316947937
[[1, 1, 0, 0, 1, 0, 1, 1, 0], 1.2941485001524051]	70.17303586006165
[[0, 0, 0, 1, 0, 0, 0, 0, 1], 1.8932392089941708]	114.54639601707458
[[0, 0, 0, 0, 0, 0, 0, 1, 1], 1.9255302297381776]	113.35903429985046
[[0, 0, 0, 1, 0, 0, 0, 0, 1], 1.9046677804227423]	109.03147172927856
[[0, 0, 1, 0, 0, 0, 0, 0, 1], 1.8549239471631624]	67.7869975566864
[[0, 0, 0, 0, 0, 0, 0, 0, 1], 3.303095248020017]	81.92061352729797
[[0, 0, 0, 0, 1, 0, 0, 0, 1], 1.8730248927640165]	108.48852062225342
[[0, 0, 0, 0, 0, 0, 0, 0, 1], 3.303095248020017]	123.9725513458252
[[1, 0, 0, 1, 0, 1, 0, 1, 1], 1.332612855576469]	68.98174977302551
