[[1, 0, 1, 0, 0, 0, 0, 1, 0, 1, 0, 0, 0, 1, 0, 0, 1, 1], 0.19596436058700212]	2791.7663917541504
[[1, 0, 0, 0, 0, 0, 1, 1, 0, 1, 1, 0, 0, 1, 0, 0, 1, 1], 0.18878406708595383]	1196.7101175785065
[[1, 0, 1, 0, 0, 0, 1, 1, 0, 0, 0, 0, 0, 0, 0, 0, 1, 1], 0.19465408805031442]	1720.2910704612732
[[1, 0, 0, 0, 0, 0, 1, 0, 0, 0, 0, 0, 0, 1, 0, 0, 1, 1], 0.20607966457023055]	527.6886897087097
[[1, 0, 0, 1, 0, 0, 1, 0, 1, 1, 0, 0, 0, 1, 0, 0, 1, 1], 0.19727463312368967]	1838.7898359298706
[[1, 1, 0, 0, 1, 0, 1, 1, 0, 0, 0, 0, 0, 1, 0, 0, 1, 1], 0.20576519916142552]	1035.2509038448334
[[1, 0, 0, 0, 0, 0, 1, 1, 0, 1, 0, 0, 0, 1, 1, 0, 1, 1], 0.19727463312368967]	830.7505297660828
[[1, 1, 1, 0, 0, 0, 1, 1, 0, 0, 0, 0, 0, 1, 0, 0, 1, 1], 0.18878406708595383]	662.4042677879333
[[1, 1, 0, 0, 0, 0, 1, 0, 0, 1, 0, 0, 0, 1, 0, 0, 1, 1], 0.1832285115303983]	2866.916526079178
[[1, 0, 0, 1, 1, 0, 1, 1, 0, 0, 0, 0, 0, 0, 0, 0, 1, 1], 0.19596436058700212]	1995.9137341976166
[[1, 0, 0, 0, 0, 0, 1, 1, 0, 1, 0, 0, 0, 1, 0, 0, 1, 1], 0.2129454926624738]	921.6573171615601
[[1, 0, 1, 0, 0, 0, 0, 1, 0, 0, 0, 0, 0, 1, 0, 0, 1, 1], 0.19040880503144655]	2822.047747373581
[[1, 0, 0, 0, 0, 0, 1, 0, 0, 0, 0, 0, 0, 1, 0, 0, 1, 1], 0.21032494758909853]	559.5991694927216
[[1, 0, 1, 0, 0, 0, 1, 1, 0, 0, 0, 0, 0, 1, 0, 0, 1, 1], 0.20445492662473796]	1715.9817900657654
[[1, 0, 0, 0, 0, 0, 1, 1, 0, 1, 0, 0, 1, 1, 0, 0, 1, 1], 0.18453878406708596]	2062.8650290966034
[[1, 1, 1, 0, 0, 0, 1, 1, 0, 0, 0, 0, 1, 0, 0, 0, 1, 1], 0.20151991614255765]	1425.69682097435
[[1, 0, 1, 0, 0, 0, 0, 1, 0, 0, 0, 1, 0, 1, 1, 0, 1, 1], 0.18878406708595383]	774.9159543514252
[[1, 1, 0, 0, 0, 0, 0, 1, 0, 0, 0, 0, 1, 1, 0, 0, 1, 1], 0.19171907756813414]	820.9074459075928
[[1, 1, 0, 0, 0, 0, 1, 1, 0, 0, 0, 0, 1, 1, 0, 0, 1, 1], 0.18878406708595383]	856.4092736244202
[[1, 0, 1, 0, 0, 0, 1, 1, 0, 0, 0, 0, 0, 1, 0, 0, 1, 1], 0.20020964360586999]	1215.28866481781
