[[1, 1, 1, 0, 0, 1, 0, 0, 0], 0.06501586106088425]	1171.9875965118408
[[1, 0, 1, 0, 0, 0, 0, 1, 0], 0.048761882384618115]	1339.3950855731964
[[0, 0, 0, 1, 1, 1, 0, 1, 0], 0.06501586106088425]	1761.0524764060974
[[1, 1, 1, 0, 0, 0, 0, 1, 0], 0.05987299349572922]	1350.3604810237885
[[0, 0, 0, 1, 0, 1, 1, 0, 1], 0.06419048508008321]	2336.439709186554
[[1, 0, 1, 0, 1, 0, 0, 0, 1], 0.05987299349572922]	1719.4746861457825
[[0, 0, 0, 1, 0, 1, 0, 1, 1], 0.05473017957475449]	1794.3817086219788
[[1, 0, 1, 1, 1, 0, 0, 0, 0], 0.05987299349572922]	1428.3876321315765
[[0, 1, 1, 1, 0, 1, 0, 0, 1], 0.06584129068586561]	934.0583019256592
[[1, 0, 0, 0, 1, 1, 1, 0, 0], 0.05987299349572922]	1045.1424028873444
[[1, 1, 1, 0, 0, 0, 0, 0, 0], 0.048761882384618115]	1542.9162466526031
[[1, 1, 0, 1, 0, 1, 0, 0, 0], 0.05473017957475449]	1730.1184141635895
[[0, 0, 0, 1, 0, 1, 0, 0, 0], 0.058222241534127125]	1652.392571926117
[[0, 1, 0, 0, 0, 0, 0, 1, 0], 0.058222241534127125]	1330.68598818779
[[1, 0, 0, 0, 1, 0, 0, 0, 0], 0.058222241534127125]	1413.6934025287628
[[0, 0, 1, 0, 1, 0, 0, 0, 1], 0.05904761751492818]	974.2989263534546
[[1, 0, 1, 0, 0, 1, 0, 0, 0], 0.05390474994977315]	810.5455105304718
[[0, 1, 0, 0, 0, 0, 1, 0, 0], 0.053079373968972096]	1072.818358182907
[[1, 1, 1, 0, 0, 0, 0, 1, 0], 0.05473017957475449]	1307.9277539253235
[[0, 0, 1, 0, 0, 1, 1, 0, 1], 0.06419048508008321]	1497.7617120742798
