[[1, 0, 1, 1, 0, 0, 1, 0, 0], 0.2444444444444444]	435.58648800849915
[[0, 0, 0, 1, 0, 0, 1, 0, 1], 0.24999999999999997]	909.734265089035
[[0, 0, 0, 1, 0, 0, 1, 0, 1], 0.24999999999999997]	484.04832458496094
[[1, 0, 0, 1, 0, 0, 1, 1, 1], 0.2388888888888889]	821.737771987915
[[1, 0, 0, 1, 1, 0, 1, 1, 0], 0.2388888888888889]	711.2681374549866
[[1, 0, 0, 1, 0, 0, 1, 1, 1], 0.2388888888888889]	836.4978971481323
[[0, 0, 1, 1, 0, 0, 0, 1, 1], 0.2444444444444444]	538.2379348278046
[[1, 0, 1, 1, 0, 0, 1, 0, 0], 0.2444444444444444]	504.32551980018616
[[1, 1, 0, 1, 1, 0, 0, 1, 1], 0.25]	692.1165857315063
[[1, 0, 0, 1, 1, 0, 1, 1, 0], 0.2388888888888889]	667.8960075378418
[[0, 0, 1, 1, 0, 0, 1, 0, 1], 0.21111111111111114]	1552.2786462306976
[[1, 1, 0, 1, 1, 0, 0, 1, 1], 0.25]	572.4811518192291
[[0, 0, 1, 1, 0, 0, 0, 1, 1], 0.2444444444444444]	407.50845408439636
[[1, 0, 0, 1, 0, 0, 1, 1, 1], 0.2388888888888889]	804.6088509559631
[[1, 0, 0, 1, 1, 0, 1, 1, 0], 0.2388888888888889]	717.1878952980042
[[1, 1, 0, 1, 1, 0, 0, 1, 1], 0.25]	632.1769864559174
[[0, 0, 0, 1, 0, 0, 1, 0, 1], 0.24999999999999997]	832.3868668079376
[[1, 0, 1, 1, 0, 0, 1, 0, 0], 0.2444444444444444]	399.0525486469269
[[1, 0, 0, 1, 1, 0, 1, 1, 0], 0.2388888888888889]	710.0140199661255
[[1, 0, 0, 1, 1, 0, 1, 1, 0], 0.2388888888888889]	714.8656721115112

