[[1, 0, 0, 1, 0, 0, 0, 0], 0.25]	927.2064914703369
[[0, 1, 0, 0, 0, 1, 0, 0], 0.24062500000000003]	969.4730889797211
[[1, 1, 0, 0, 0, 1, 1, 0], 0.24687499999999998]	656.9169993400574
[[1, 1, 0, 1, 0, 0, 0, 0], 0.25312500000000004]	695.7433571815491
[[0, 1, 0, 0, 0, 1, 0, 0], 0.24062500000000003]	918.4093072414398
[[0, 1, 0, 0, 0, 1, 0, 0], 0.24062500000000003]	1227.34836769104
[[0, 1, 0, 0, 0, 1, 0, 0], 0.24062500000000003]	638.2606222629547
[[0, 1, 0, 0, 0, 1, 0, 0], 0.24062500000000003]	2176.3506076335907
[[0, 1, 0, 0, 0, 1, 0, 0], 0.24062500000000003]	1932.4115898609161
[[0, 1, 0, 0, 0, 1, 0, 0], 0.24062500000000003]	911.3240633010864
[[0, 1, 0, 0, 0, 1, 0, 0], 0.24062500000000003]	1200.3146588802338
[[0, 1, 0, 0, 0, 1, 1, 0], 0.24843749999999998]	624.6779084205627
[[0, 1, 0, 0, 0, 1, 0, 0], 0.24062500000000003]	1720.1597864627838
[[0, 1, 0, 0, 0, 1, 0, 0], 0.24062500000000003]	1694.8821425437927
[[1, 0, 0, 0, 0, 0, 1, 0], 0.25]	350.7668402194977
[[0, 1, 0, 0, 0, 1, 0, 0], 0.24062500000000003]	710.1805732250214
[[0, 1, 0, 0, 0, 1, 1, 0], 0.24374999999999997]	624.0363969802856
[[1, 0, 0, 0, 0, 0, 1, 0], 0.25]	621.15367603302
[[0, 1, 0, 0, 0, 1, 1, 1], 0.24687499999999998]	633.4488296508789
[[1, 1, 0, 0, 0, 0, 0, 0], 0.24062500000000003]	1353.7938771247864
