[[0, 1, 0, 0, 1, 1, 0, 0], 0.25781249999999994]	177.45784330368042
[[1, 1, 0, 0, 0, 1, 1, 1], 0.26406250000000003]	151.71448040008545
[[0, 1, 1, 0, 0, 1, 0, 1], 0.27031249999999996]	411.39302802085876
[[0, 1, 0, 0, 0, 1, 1, 1], 0.2515625]	193.76046586036682
[[1, 0, 0, 0, 0, 0, 1, 0], 0.25]	143.73785734176636
[[1, 1, 1, 0, 1, 1, 1, 0], 0.28593749999999996]	294.67497658729553
[[0, 1, 0, 1, 1, 0, 0, 0], 0.271875]	268.5580232143402
[[1, 1, 0, 1, 0, 1, 1, 1], 0.271875]	217.06196188926697
[[0, 1, 1, 1, 0, 1, 0, 1], 0.2734375]	523.5296671390533
[[1, 1, 0, 1, 1, 1, 1, 0], 0.27656250000000004]	163.19370079040527
[[0, 1, 1, 1, 0, 1, 0, 0], 0.275]	310.8404281139374
[[0, 1, 0, 1, 0, 1, 0, 1], 0.27031249999999996]	173.4283890724182
[[0, 1, 0, 1, 1, 1, 0, 0], 0.27031249999999996]	184.36382603645325
[[1, 0, 0, 0, 0, 0, 1, 0], 0.25]	137.57156372070312
[[0, 1, 1, 0, 0, 1, 0, 0], 0.2625]	278.8736410140991
[[0, 1, 1, 0, 0, 1, 0, 1], 0.27031249999999996]	479.1808478832245
[[1, 1, 0, 0, 1, 0, 1, 1], 0.2734375]	232.22944021224976
[[0, 1, 0, 0, 0, 1, 0, 0], 0.24062500000000003]	279.2152636051178
[[1, 0, 1, 0, 0, 0, 1, 0], 0.2625]	192.1958236694336
[[0, 1, 0, 0, 0, 1, 1, 0], 0.25312500000000004]	203.93703651428223
