[[0, 0, 0, 0, 0, 1, 0, 0, 1], 3.940594327878759]	91.01280212402344
[[0, 0, 0, 0, 0, 0, 0, 1, 0], 5.398136678398061]	108.69713950157166
[[0, 0, 1, 0, 0, 0, 0, 0, 0], 4.368100533465233]	96.02634358406067
[[0, 1, 0, 0, 0, 0, 0, 1, 0], 2.785915782627087]	95.17482590675354
[[0, 0, 0, 0, 0, 0, 0, 0, 1], 10.094797827781823]	118.5415620803833
[[0, 0, 0, 0, 0, 0, 0, 1, 0], 5.342581122842506]	77.81571054458618
[[0, 0, 0, 0, 1, 0, 0, 0, 0], 6.178746730115626]	86.45312738418579
[[0, 0, 1, 0, 0, 0, 0, 0, 0], 4.368100533465233]	66.32539391517639
[[0, 0, 0, 0, 1, 0, 0, 0, 0], 6.067635619004514]	79.98251986503601
[[0, 0, 1, 0, 0, 0, 0, 0, 1], 3.3183718898778443]	87.00899147987366
[[0, 0, 0, 0, 0, 0, 0, 0, 1], 10.076279309263304]	96.39913511276245
[[0, 0, 0, 0, 0, 0, 0, 1, 0], 5.398136678398061]	91.45363354682922
[[0, 0, 1, 0, 0, 0, 0, 0, 0], 4.368100533465233]	96.44942426681519
[[0, 1, 0, 0, 0, 0, 0, 0, 1], 3.4502789391291016]	83.63284492492676
[[0, 0, 0, 1, 0, 0, 0, 0, 0], 4.207192263356154]	100.8082218170166
[[0, 0, 0, 0, 1, 0, 0, 0, 0], 6.178746730115626]	83.2473464012146
[[0, 0, 1, 0, 0, 0, 0, 0, 1], 3.3183718898778443]	87.05364871025085
[[0, 0, 1, 0, 0, 0, 0, 0, 0], 4.368100533465233]	82.38233518600464
[[0, 0, 1, 0, 0, 0, 0, 0, 0], 4.368100533465233]	92.36104798316956
[[0, 0, 0, 0, 1, 0, 0, 0, 0], 6.067635619004514]	77.06783032417297
[[0, 0, 0, 0, 0, 0, 0, 0, 1], 10.094797827781823]	91.1325900554657
[[0, 0, 1, 0, 0, 1, 1, 0, 0], 1.9659879180099855]	118.80693173408508
[[0, 1, 0, 1, 1, 0, 0, 0, 0], 2.0996983827416402]	75.22458600997925
[[0, 0, 0, 0, 1, 0, 0, 0, 0], 6.0861541375230335]	94.00111293792725
[[0, 1, 0, 0, 0, 1, 0, 0, 0], 2.8871042676314556]	74.23122525215149
[[0, 0, 0, 1, 0, 0, 0, 0, 1], 3.335775233544402]	85.02880334854126
[[0, 0, 1, 0, 0, 1, 0, 1, 0], 2.1699779076784873]	102.40657997131348
[[0, 0, 1, 1, 0, 0, 1, 0, 0], 1.8409679535624561]	107.83471775054932
[[1, 0, 1, 0, 1, 0, 0, 1, 1], 1.6561472199509724]	98.44100594520569
[[0, 0, 0, 0, 0, 0, 1, 0, 0], 3.466208705158372]	96.97362446784973
[[0, 0, 1, 0, 1, 0, 0, 0, 0], 2.8188909431442117]	81.1093807220459
[[1, 0, 0, 0, 0, 0, 1, 0, 0], 2.099317064149265]	131.9330632686615
[[0, 0, 0, 0, 0, 0, 0, 0, 1], 10.094797827781823]	110.0804545879364
[[0, 0, 0, 0, 0, 0, 0, 1, 0], 5.398136678398061]	99.30310344696045
[[0, 0, 1, 0, 0, 0, 0, 1, 1], 2.32917398649192]	162.38401174545288
[[0, 0, 0, 0, 1, 1, 0, 0, 0], 3.326351829201883]	119.36993288993835
[[0, 1, 0, 0, 0, 0, 1, 0, 0], 2.2072285242101612]	77.04601669311523
[[0, 1, 0, 0, 1, 0, 0, 0, 1], 2.439048020972173]	89.69039368629456
[[0, 0, 1, 0, 0, 1, 1, 1, 0], 1.5964770767386123]	94.16915893554688
[[0, 1, 0, 1, 1, 1, 0, 1, 1], 1.6782463886321999]	164.4819791316986
[[1, 0, 1, 0, 0, 1, 0, 1, 1], 1.7226783605021108]	83.58140134811401
[[0, 0, 0, 0, 0, 1, 0, 0, 1], 4.014668401952833]	71.38823413848877
[[0, 0, 0, 0, 0, 1, 0, 0, 1], 4.0702239575083885]	130.13224172592163
[[0, 0, 0, 0, 1, 0, 0, 0, 1], 4.010233897642109]	100.9507327079773
[[0, 0, 0, 0, 0, 0, 0, 0, 1], 10.113316346300342]	107.0194685459137
[[0, 0, 0, 0, 0, 0, 1, 1, 0], 2.3265529776817675]	130.4897267818451
[[0, 1, 0, 0, 0, 0, 0, 0, 0], 4.829144459448902]	82.49681448936462
[[0, 0, 1, 1, 1, 0, 0, 0, 0], 2.047887409246774]	125.28845691680908
[[0, 0, 1, 1, 0, 1, 0, 1, 0], 1.6850811039514269]	86.55477452278137
[[0, 1, 0, 1, 0, 0, 0, 1, 1], 1.8913781781787915]	96.75526928901672
[[0, 0, 1, 1, 1, 1, 0, 1, 1], 1.5985502102123816]	124.6151795387268
[[0, 0, 0, 0, 0, 0, 1, 0, 0], 3.5588012977509647]	105.01430630683899
[[0, 0, 1, 1, 1, 1, 0, 1, 1], 1.5985502102123816]	77.76850843429565
[[0, 1, 0, 0, 1, 0, 0, 1, 0], 2.130191762617724]	91.41729831695557
[[0, 0, 0, 0, 1, 0, 0, 0, 0], 6.197265248634144]	80.22081971168518
[[0, 0, 0, 0, 0, 1, 0, 0, 1], 3.9220758093602406]	88.19710373878479
[[0, 1, 0, 0, 1, 0, 0, 0, 1], 2.420529502453655]	95.71905469894409
[[0, 0, 1, 0, 0, 0, 0, 0, 0], 4.368100533465233]	80.6190390586853
[[1, 0, 0, 0, 0, 1, 0, 0, 0], 2.4852351905228582]	70.60298609733582
[[0, 0, 0, 0, 1, 0, 0, 0, 0], 6.197265248634144]	106.4294981956482
[[0, 1, 0, 1, 1, 1, 0, 1, 1], 1.604172314558126]	110.04582262039185
[[0, 1, 0, 1, 1, 1, 0, 1, 1], 1.604172314558126]	203.28832530975342
[[0, 1, 0, 1, 1, 1, 0, 0, 1], 1.7864379803946733]	558.937833070755
[[0, 1, 0, 0, 1, 0, 0, 0, 1], 2.531640613564766]	202.82126593589783
[[0, 0, 0, 1, 1, 0, 0, 0, 1], 2.5404361104099724]	107.3128457069397
[[0, 0, 0, 1, 1, 1, 0, 0, 1], 2.0530105518075477]	104.80683445930481
[[0, 1, 0, 0, 1, 0, 0, 0, 1], 2.5131220950462474]	136.33950424194336
[[0, 1, 0, 1, 1, 1, 0, 1, 1], 1.5856537960396073]	125.00096940994263
[[0, 1, 0, 0, 1, 0, 0, 0, 1], 2.5131220950462474]	123.38183617591858
[[0, 0, 0, 1, 1, 1, 0, 0, 1], 2.0530105518075477]	117.07515239715576
[[0, 0, 1, 1, 1, 1, 0, 1, 1], 1.6170687287309]	264.243967294693
[[0, 1, 0, 0, 1, 1, 0, 0, 1], 2.002345986934391]	119.99838376045227
[[0, 0, 1, 1, 1, 1, 0, 1, 1], 1.6170687287309]	103.10819005966187
[[0, 1, 0, 0, 1, 0, 0, 0, 1], 2.531640613564766]	529.4313597679138
[[0, 1, 0, 1, 1, 1, 0, 0, 1], 1.730882424839118]	150.5698745250702
[[0, 1, 0, 0, 1, 0, 0, 0, 1], 2.5501591320832846]	142.59018850326538
[[0, 1, 0, 0, 1, 0, 0, 0, 1], 2.5131220950462474]	160.413152217865
[[0, 1, 0, 1, 1, 1, 0, 1, 1], 1.5856537960396073]	155.27470993995667
[[0, 0, 0, 1, 1, 0, 0, 0, 1], 2.503399073372935]	144.21372509002686
[[0, 1, 0, 0, 1, 0, 0, 0, 1], 2.531640613564766]	188.69172549247742
