[[0, 0, 0, 1, 0, 0, 1, 1, 0, 0, 1, 0, 1, 1, 0, 0, 1, 1], 0.29916142557652]	2886.2091212272644
[[1, 0, 0, 0, 1, 1, 1, 1, 1, 0, 0, 1, 1, 0, 0, 0, 0, 1], 0.27631027253668755]	7854.2300980091095
[[0, 0, 1, 0, 0, 0, 1, 1, 0, 1, 0, 0, 0, 1, 0, 0, 1, 1], 0.2766247379454927]	3956.2095925807953
[[1, 0, 0, 1, 0, 0, 1, 1, 0, 0, 0, 0, 0, 1, 0, 0, 1, 1], 0.2766247379454927]	2752.0787036418915
[[1, 0, 0, 0, 1, 1, 1, 1, 1, 0, 0, 1, 1, 0, 0, 0, 0, 1], 0.27631027253668755]	5543.2367079257965
[[1, 1, 0, 0, 0, 0, 1, 1, 1, 0, 0, 1, 0, 0, 0, 0, 1, 1], 0.2821802935010483]	1681.9459264278412
[[0, 1, 0, 1, 0, 0, 1, 1, 1, 1, 0, 1, 0, 0, 0, 0, 0, 1], 0.2779350104821803]	7279.846651315689
[[0, 0, 0, 1, 0, 1, 1, 1, 1, 0, 0, 1, 1, 0, 0, 0, 0, 1], 0.27368972746331244]	5010.647491931915
[[0, 1, 1, 0, 0, 0, 1, 1, 0, 0, 0, 0, 1, 1, 0, 0, 1, 1], 0.2779350104821803]	2932.4327623844147
[[0, 1, 0, 1, 0, 0, 1, 1, 0, 0, 0, 1, 1, 0, 0, 0, 1, 1], 0.27368972746331244]	7408.023284435272
[[0, 1, 0, 1, 0, 0, 1, 1, 0, 0, 1, 0, 1, 1, 0, 0, 0, 1], 0.2821802935010483]	3788.8084166049957
[[1, 1, 0, 0, 0, 0, 1, 1, 1, 0, 0, 0, 0, 1, 0, 0, 1, 1], 0.27368972746331244]	3004.712788581848
[[0, 0, 1, 0, 0, 0, 1, 1, 1, 0, 0, 0, 1, 1, 0, 0, 1, 1], 0.27368972746331244]	5163.069863319397
[[1, 0, 0, 0, 1, 1, 1, 1, 1, 0, 0, 1, 1, 0, 0, 0, 0, 1], 0.27631027253668755]	5490.892758607864
[[0, 0, 0, 1, 0, 0, 1, 1, 0, 1, 1, 1, 1, 0, 0, 0, 0, 1], 0.2864255765199161]	2607.227490901947
[[1, 0, 0, 1, 0, 0, 1, 1, 1, 0, 0, 0, 0, 1, 0, 0, 1, 1], 0.27368972746331244]	3230.990790128708
