[[0, 0, 0, 0, 0, 1, 0, 1, 1], 1.5510044446295899]	466.6726002693176
[[1, 0, 0, 1, 0, 1, 1, 1, 1], 1.2532250698491274]	531.500296831131
[[1, 0, 0, 1, 0, 1, 1, 1, 1], 1.258939367143744]	484.7575132846832
[[1, 0, 0, 1, 0, 1, 1, 0, 1], 1.327264292519488]	518.5883667469025
[[0, 0, 0, 0, 0, 1, 0, 1, 1], 1.5624329796141785]	469.1294016838074
[[1, 0, 0, 1, 0, 1, 0, 1, 1], 1.3297644871919638]	571.4809386730194
[[0, 0, 0, 0, 0, 1, 0, 1, 1], 1.5624329796141783]	667.6784222126007
[[0, 0, 0, 0, 0, 1, 0, 1, 1], 1.5452901473349732]	574.3676648139954
[[1, 0, 0, 1, 0, 1, 0, 1, 1], 1.3240501898973474]	526.0340259075165
[[1, 0, 0, 1, 0, 1, 1, 0, 1], 1.3215499952248713]	444.021719455719
[[0, 0, 0, 0, 0, 1, 0, 1, 1], 1.5510044446295899]	415.0987501144409
[[1, 0, 0, 1, 0, 1, 1, 1, 1], 1.258939367143744]	444.3676528930664
[[1, 0, 0, 0, 0, 1, 0, 1, 1], 1.4270502638276197]	428.32040572166443
[[1, 0, 0, 0, 0, 1, 0, 1, 1], 1.4270502638276197]	413.95231103897095
[[0, 0, 0, 0, 0, 1, 0, 1, 1], 1.55100444462959]	427.80717372894287
[[1, 0, 0, 1, 0, 1, 1, 1, 1], 1.258939367143744]	544.7932827472687
[[1, 0, 0, 1, 0, 1, 0, 1, 1], 1.3240501898973474]	429.7153537273407
[[1, 0, 0, 1, 0, 1, 1, 1, 1], 1.258939367143744]	475.0044503211975
[[0, 0, 0, 0, 0, 1, 0, 1, 1], 1.5567187419242063]	426.22018575668335
[[1, 0, 0, 1, 0, 1, 1, 0, 1], 1.3272642925194882]	664.3760788440704


[[1, 0, 0, 1, 1, 1, 0, 1, 1], 1.2729587345327709]	58.449655532836914
[[1, 0, 0, 0, 0, 0, 1, 0, 1], 1.6106737211718796]	164.51284193992615
[[1, 0, 0, 0, 0, 1, 0, 1, 1], 1.4388456026587955]	91.588534116745
[[1, 0, 0, 1, 1, 1, 0, 1, 1], 1.2729587345327709]	49.71278762817383
[[1, 0, 0, 1, 1, 1, 0, 1, 1], 1.2729587345327709]	51.923831939697266
[[1, 0, 0, 1, 1, 1, 0, 1, 1], 1.2729587345327709]	57.10853552818298
[[1, 0, 0, 1, 1, 1, 1, 0, 1], 1.2771724179123465]	61.03816843032837
[[1, 0, 0, 1, 1, 1, 0, 1, 1], 1.2729587345327709]	67.79227685928345
[[1, 0, 0, 0, 1, 0, 0, 0, 1], 1.6114959318879714]	155.7221918106079
[[1, 0, 0, 0, 1, 0, 0, 0, 1], 1.6114959318879714]	126.94307541847229
[[1, 0, 0, 0, 0, 1, 0, 1, 1], 1.4388456026587955]	98.15458607673645
[[1, 0, 0, 0, 1, 0, 0, 0, 1], 1.6114959318879714]	138.34239292144775
[[1, 0, 0, 1, 0, 1, 0, 1, 1], 1.3383271412907547]	93.9101824760437
[[1, 0, 0, 1, 0, 1, 1, 0, 1], 1.341806857885619]	118.05392384529114
[[1, 0, 0, 0, 0, 0, 0, 1, 1], 1.606239304054673]	68.80511856079102
[[1, 0, 0, 0, 1, 0, 0, 0, 1], 1.6114959318879714]	200.69446897506714
[[1, 0, 0, 1, 0, 0, 1, 0, 1], 1.4413142599303448]	77.42910432815552
[[1, 0, 0, 1, 0, 1, 0, 1, 1], 1.3383271412907547]	99.05810332298279
[[1, 0, 0, 1, 0, 1, 0, 1, 1], 1.3383271412907547]	108.31241154670715
[[1, 0, 0, 0, 0, 1, 0, 1, 1], 1.4388456026587955]	174.645325422287
[[0, 0, 1, 1, 0, 1, 0, 0, 0], 0.04876190476190474]	111.70796251296997
