[[1, 1, 0, 0, 0, 0, 0, 1], 0.25312500000000004]	1212.6724090576172
[[0, 1, 0, 0, 0, 1, 0, 1], 0.25312500000000004]	848.6636848449707
[[0, 1, 0, 0, 0, 1, 0, 0], 0.24531249999999996]	739.7981150150299
[[0, 1, 0, 0, 0, 1, 0, 0], 0.24531249999999996]	1021.2323617935181
[[0, 1, 0, 0, 0, 1, 0, 1], 0.25781249999999994]	1818.8633596897125
[[1, 1, 0, 1, 0, 0, 1, 0], 0.2515625]	1220.640192270279
[[1, 1, 0, 1, 0, 0, 0, 0], 0.24843749999999998]	1078.1284503936768
[[1, 1, 0, 0, 0, 1, 0, 0], 0.24374999999999997]	706.7118723392487
[[1, 1, 0, 0, 0, 0, 0, 1], 0.24374999999999997]	934.904052734375
[[0, 1, 0, 0, 0, 1, 0, 0], 0.25]	821.3697402477264
[[1, 1, 0, 0, 0, 1, 1, 0], 0.2515625]	878.2484314441681
[[0, 1, 0, 1, 0, 1, 0, 0], 0.25781249999999994]	932.2498245239258
[[0, 1, 0, 0, 0, 1, 0, 0], 0.24531249999999996]	670.1995544433594
[[1, 1, 0, 0, 0, 0, 1, 1], 0.2515625]	1435.0796763896942
[[0, 1, 0, 0, 0, 0, 1, 1], 0.25312500000000004]	1105.7560212612152
[[0, 1, 0, 0, 0, 0, 1, 1], 0.25781249999999994]	839.1023590564728
[[0, 1, 0, 0, 0, 1, 1, 0], 0.24374999999999997]	906.7655005455017
[[1, 1, 0, 0, 0, 1, 0, 0], 0.24843749999999998]	843.6524136066437
[[0, 1, 0, 0, 0, 0, 1, 1], 0.24843749999999998]	1491.6055476665497
[[1, 1, 0, 0, 0, 1, 1, 0], 0.21406251788139344]	10595.947568416595
