[[0, 0, 0, 0, 0, 1, 0, 1, 0, 1, 0, 0, 0, 0, 0, 0, 1, 0], 0.2175052410901467]	1709.3248043060303
[[0, 0, 0, 0, 0, 0, 0, 1, 0, 1, 1, 0, 0, 1, 0, 0, 0, 1], 0.2315513626834381]	865.4218533039093
[[0, 0, 0, 0, 0, 0, 1, 1, 0, 1, 0, 0, 1, 0, 0, 0, 0, 1], 0.2485324947589098]	1068.9041900634766
[[0, 0, 0, 0, 0, 0, 1, 1, 0, 1, 0, 1, 0, 0, 0, 0, 0, 1], 0.2570230607966458]	1756.18781042099
[[0, 0, 0, 0, 0, 0, 1, 1, 0, 0, 0, 1, 1, 0, 0, 0, 0, 1], 0.2655136268343816]	1605.467333316803
[[0, 0, 1, 0, 0, 0, 1, 1, 0, 0, 0, 1, 0, 0, 0, 0, 0, 1], 0.24428721174004192]	2976.9320397377014
[[0, 0, 1, 0, 0, 0, 0, 1, 0, 0, 1, 1, 0, 0, 0, 0, 0, 1], 0.2612683438155136]	1411.9290928840637
[[0, 0, 1, 0, 0, 0, 0, 1, 1, 0, 0, 1, 0, 0, 0, 0, 0, 1], 0.2655136268343816]	1202.3411288261414
[[0, 0, 1, 0, 0, 0, 0, 1, 0, 0, 1, 1, 0, 0, 0, 0, 0, 1], 0.2612683438155136]	1445.4102964401245
[[1, 0, 0, 0, 1, 1, 1, 1, 1, 0, 0, 1, 1, 0, 0, 0, 0, 1], 0.27631027253668755]	7854.2300980091095
[[0, 0, 1, 0, 0, 0, 1, 1, 0, 1, 0, 0, 0, 1, 0, 0, 1, 1], 0.2766247379454927]	3956.2095925807953
[[1, 0, 0, 1, 0, 0, 1, 1, 0, 0, 0, 0, 0, 1, 0, 0, 1, 1], 0.2766247379454927]	2752.0787036418915
[[1, 0, 0, 0, 1, 1, 1, 1, 1, 0, 0, 1, 1, 0, 0, 0, 0, 1], 0.27631027253668755]	5543.2367079257965
[[0, 1, 0, 1, 0, 0, 1, 1, 1, 1, 0, 1, 0, 0, 0, 0, 0, 1], 0.2779350104821803]	7279.846651315689
[[0, 0, 0, 1, 0, 1, 1, 1, 1, 0, 0, 1, 1, 0, 0, 0, 0, 1], 0.27368972746331244]	5010.647491931915
[[0, 1, 1, 0, 0, 0, 1, 1, 0, 0, 0, 0, 1, 1, 0, 0, 1, 1], 0.2779350104821803]	2932.4327623844147
[[0, 1, 0, 1, 0, 0, 1, 1, 0, 0, 0, 1, 1, 0, 0, 0, 1, 1], 0.27368972746331244]	7408.023284435272
[[1, 1, 0, 0, 0, 0, 1, 1, 1, 0, 0, 0, 0, 1, 0, 0, 1, 1], 0.27368972746331244]	3004.712788581848
[0, 0, 1, 0, 0, 0, 1, 1, 1, 0, 0, 0, 1, 1, 0, 0, 1, 1], 0.27368972746331244]	5163.069863319397
[[1, 0, 0, 0, 1, 1, 1, 1, 1, 0, 0, 1, 1, 0, 0, 0, 0, 1], 0.27631027253668755]	5490.892758607864

